-0.0207443
-0.114243
-0.0794067
-0.0922394
-0.0098114
4.49623
3.89903
-6.24985
-0.0258179
-0.0345612
-0.0733948
-0.194565
-0.258942
-0.23468
-0.364838
-0.0933838
-0.00408936
-0.366486
-0.0595093
-0.0463257
1.64624
0
-4.67339
-0.73465
-0.0953369
-2.23787
-2.28938
-0.877136
-0.115601
-0.00128174
-0.19043
-0.152649
-0.0162714
-0.263573
-0.286389
-0.52649
-4.31672
0.190662
-0.245896
0
0
0
0
-0.00333405
0
-0.512222
0
1.19277
0
-1.43856
-0.00256348
-0.0522003
-0.000732422
0
-0.0390549
0
0
0
0
-1.19725
0
-0.00827026
-0.0137482
-1.88971
0
-0.000762939
-0.000762939
0
-3.11856
-0.376465
-0.104279
-0.108602
-0.166607
0
-0.023643
0.848944
-0.475149
0
-0.486207
-1.51727
0
0
2.09277
0
0
0
-3.45149
-0.0351257
-0.0965958
0
-1.76594
-7.13788
-0.138924
-0.316521
0
-2.54031
-0.0105438
0
-0.0201569
1.48744
0
-0.394852
-0.276917
-0.21312
-0.584595
-0.5336
-0.272064
-0.00878906
0
0
0
0
-0.397095
0
0
-0.254364
0
-0.685394
-0.10231
-0.0304031
2.83479
-1.45573
-0.0366745
-0.114891
-0.500145
5.02241
-0.217995
-0.0131836
-3.38939
0
-0.691345
-0.0233154
-1.96719
-1.57578
-0.198547
-0.00326538
-1.83206
-3.68753
-0.61451
-3.80699
1.44888
-0.571365
-0.312065
4.91963
-0.174202
-0.0191345
-0.106697
-0.00117493
-0.000930786
-0.00403595
1.71059
-3.89691
-0.00747681
-0.618439
-0.220703
0
0
-1.90813
0
0
0
0
0
0
-0.380957
-0.0480938
0
-0.122335
0
0
-0.00136185
-2.11465
0
-0.0952911
0
-0.602238
0
-0.731827
-0.588974
0
-0.21756
0
-1.3815
-0.836418
-0.0308304
0
-0.255928
0
0
-0.0134048
0
0
0
-3.77159
0
-0.0712585
0
0
-0.00184631
-0.00434875
-0.00701904
-3.15742
0
-0.0673676
0
-0.756378
-0.000534058
-0.0152588
0
0
0
-2.21387
0
0
0
0
-1.52348
0
0
11.4223
0
0
0
2.04352
0
0
0
0
0
0
0
0
0
0
-0.0703125
0
-1.6174
-0.0435181
0
0
0
0
0
0
-3.34489
0
0
0
0
-0.212883
0
-0.00933266
0
0
0
-0.017704
0
0
0
0
-0.0834885
0
0
-0.650089
0
0
-0.00239182
-0.00340271
0
-0.000404358
-0.00184631
0
-0.850685
0
-0.749794
-0.0867386
0
-3.55602
8.01462
0
0
-0.0693054
0
0
0
0
0
-0.0832062
0
0
-0.272934
0
-0.00306702
-0.537399
0
-1.26492
-6.41507
-1.01442
-0.000640869
-1.13919
-0.0234375
0
0
0
-4.25352
-8.43982
0
0
0
0
0
-0.249298
-0.604462
1.30949
-1.23468
0
0
0
0
0
0
1.94366
0
0
0
0
-0.0342102
-0.381317
0
-0.324829
-0.949738
0
0
-0.798065
-1.11777
0
0
0
0
0
-0.181885
0
0
-0.0702209
-0.00158691
-1.96918
0
-0.23172
0
0
0
0
0
0
0
-355.288
-0.00198364
0
-0.275555
-0.0215187
0
-0.150291
-0.229961
-0.0532761
0
-0.0082016
-0.477211
-0.0340118
-0.0291061
-0.059082
-0.0517426
-0.242142
-0.0909958
0.938797
-1.85646
-0.00038147
-0.00012207
-0.014389
-0.00273132
-0.00601196
-0.109848
0
-0.00311279
-0.183899
-0.0208435
-0.0185852
-2.78482
-0.00891113
-0.314728
-0.0136108
-0.495209
0
-0.000915527
3.14676
-0.202789
-0.0508728
0
0
0
0
-0.0755768
-0.784203
-0.685814
-0.849197
-0.0289841
-0.20475
-0.0209885
-4.57764e-05
-0.0680695
-0.000350952
-0.100342
-0.0140381
-0.92923
-0.000366211
-0.499176
-0.0824585
0.0658264
-0.00335693
-0.147278
-0.315247
-0.0750427
-0.00613403
-0.11026
-0.536072
-0.00613403
-0.00585938
-0.00128174
0
-1.0625
0
0
-0.185219
-0.0341263
-0.000816345
0
-0.439453
0
0
0
0
5.83099
0
-5.3874
-2.02135
-0.0427704
-5.01127
0
0
-0.0144501
0
-1.03928
0
-0.203842
0
-0.033844
4.45435
0
-1.69083
0
-0.3078
0
-0.337067
0
-2.90931
-0.00210953
0
0
0
0.538593
0
0
0
0
0
0
-0.40921
-0.175949
-0.280869
-1.80373
0
0
-0.586685
0
0
-2.18015
0
-0.0541382
-0.89624
0
-0.00259399
-0.0226746
0
-0.00656128
0
-0.00411987
-0.00274658
0
-0.0884094
0
-0.000234544
-0.00261347
0
-0.00190827
0
0
0
0
0
0
-0.516478
0
0
0
0
0
0
-0.00109792
0
0
0
0
0
0
0
0.990144
0
0
-0.00122499
0
0
0
0
0
0
0
0
-0.0539856
0
0
-0.000137329
-0.00922394
0
-0.175873
-0.694077
0
0
0
0
-0.0414505
0
2.02864
-0.00100708
-0.0520554
0
0.0672455
-0.153786
-0.00164032
-0.526344
0
-0.0057373
-0.121124
-0.0754852
-0.288307
-0.0840836
-0.160469
-0.0264435
0
-1.32597
0
-0.628502
-0.119987
0
-0.619736
-0.00626373
0
0
0
-0.000671387
0
-0.157196
0
0
0
-0.026062
0
-1.18628
0
0
0
0
0
0
0
0
0
0
0
0
-0.679596
0
-0.281647
0
-0.637939
0
0
0
0
0
-0.000366211
0
0
0
-1.69281
0
-0.0903778
0
0
-0.271088
0
-0.0310974
-1.23114
0
-0.00427246
-0.000305176
-0.00839233
0
0
0
0.285217
0
0
-0.503143
-0.00283813
-0.00735474
0
-0.00552368
-0.0380554
-0.00552368
-0.094635
-0.00790405
-0.0692139
-0.00378418
-0.349854
-0.00280762
-0.0120544
0
-0.0144043
-0.00250244
-0.140961
-0.00128174
-0.00640869
-0.00088501
-0.00759888
-0.442139
0
-0.212128
-0.00454712
0
0
-0.000732422
-0.0466614
0
-0.00149536
-0.0176697
-0.00299072
-0.00701904
0
-0.015625
0
-0.00646973
-0.000183105
0
-0.237305
-0.00167847
-0.560455
-0.00744629
0
-0.0265808
-0.0125427
-0.154327
0
0
-0.0106812
0
-0.288849
-0.416229
0
-0.331787
-0.178925
-0.00668335
1.85199
-0.0224609
-0.00952148
-0.281677
-0.00320435
-0.0902405
0
-0.727875
-0.565491
-0.000488281
-1.83481
-0.0746765
-0.206665
-0.0112305
-0.430511
-0.0177002
-0.0299988
-0.0111389
-0.0487061
-0.0196838
-0.0392151
-0.00680542
0
-0.18454
0
-0.0131531
-0.633453
-0.0998535
-0.97287
-0.0125427
-0.0627136
-0.12204
-0.0874329
-0.000823975
-0.568939
-0.313141
-0.0353699
0
0
0
-0.00158691
0
-0.00512695
-0.781403
0
-0.00775146
-0.00631714
-0.00305176
-6.10352e-05
0
0
-0.00662231
-0.00735474
0
0
0
-0.00236678
0
0
0
0
0
-0.000604033
0
0
0
0
0
0
0
0
0
-0.0415344
0
0
0
0
-0.0378036
-0.000106812
-0.0163956
1.60931
-0.499107
0
0.0165329
0
0
-0.0679703
0
-0.00595093
-0.00199127
-0.00222778
-0.341354
1.1872
-0.166344
-0.0552979
-0.306686
0
-0.154243
-0.401421
-0.209534
1.88654
0
-0.0999603
0.84613
0
0
-3.515
0
0
0
0
0
-0.00250244
-0.103027
-0.00270081
0
-0.00650024
0
-0.00630188
-0.000823975
-0.00215149
0
0
0
-0.00137329
-1.87408
-0.433304
-0.717087
-0.049408
-0.363373
0
0
0
0
-0.123718
-0.0241394
0
0
-0.0128937
-0.0219269
-0.00411987
0
-0.046402
0
0
-0.111237
-1.03603
0
0
0
0
-0.24025
0
-0.20668
-0.0830231
0
-1.17989
0
0
-0.166748
0
0
-3.76614
-0.203491
0
0
-0.591522
-0.239868
-0.0546265
0
0
0
-0.00402832
-0.0071106
-0.635681
-0.0638428
-0.28299
-0.00430298
0
0
0
0
-0.0254822
-0.00012207
-0.0319824
-0.00109863
-0.00268555
-0.0133057
0
0.100891
-0.0226746
0
-0.111938
-0.117859
-0.00213623
1.77682
-0.550415
0
0
-0.061554
-0.00726318
-0.260529
0
-0.000244141
0
0
-0.0192566
1.52676
-0.0222473
-0.267487
0
-0.00537109
-0.0039978
0
0
-0.00497437
-0.00454712
-0.671753
-0.010498
0
-0.00622559
-0.00128174
-0.0161438
-0.0469971
-0.00308228
-0.00534058
-0.0600586
-0.000671387
-0.0155945
-0.350708
-0.00772095
-0.0643311
-0.0382385
-0.0105286
-2.41241
-0.113678
-1.48682
-0.000335693
-0.000152588
0
-0.00561523
0
-0.015686
-0.445282
-0.0281982
-0.0369873
-0.995911
-0.201782
-0.0931702
-0.0317078
-2.64157
-0.00772095
-0.0174866
-0.000732422
0
-0.000854492
-0.00891113
-0.0111389
-0.00286865
-0.000366211
0
-0.0426941
-0.141388
0
0
0
-0.0975552
0
0
-2.24222
0
0
0
-0.00482941
0
-0.151009
0
0
0
0
-0.30497
1.71178
0
-0.0923233
0
0
-0.982101
-0.194778
0
-0.0157928
0
0
-0.0884552
0
0.0315704
0
-2.00354
-8.99797
0
0
-0.00088501
0
0
-0.0633087
0
-0.141205
0
0
-0.0538177
-0.000976562
-0.00120544
0
-0.0164337
-0.00105286
-0.875275
-0.882568
0
0
0
-0.107285
-0.00317383
0
0
-0.000549316
0
-0.488403
0
-1.42291
0
0
0
0
0
-0.00134277
0
-1.60535
-1.66068
0
-0.0065918
0
0
0
0
-0.308078
-0.307581
-0.000637054
-0.265312
0
-0.00142288
0
-2.7191
0
0
-0.102051
0
0
0
0
0
0
-0.732285
0
0
0
0
3.80032
0
0
0
-0.0154724
0
-0.00413513
-0.147934
-0.337143
-0.0535583
-0.0150757
0
0
0
0
0
-0.75293
-0.000854492
-1.77864
0
0
-0.12822
-0.0826111
0
0
0
0
0
0
3.74544
-0.0254974
-0.212326
0
0
-0.0368042
0
0
0
0
0
-0.142639
0
-0.0771179
-0.00128174
-0.00564575
0
-0.93219
0
-0.159729
-0.0452576
-2.27756
-0.314423
-0.0227966
0
-0.000854492
0
0
-0.00424194
0
-0.514763
-0.013607
0
0
-0.300278
0
-0.00662231
-0.00268555
-0.153152
0
-0.0341568
-0.0149078
-0.276062
0
-0.00147247
0
-0.35894
-0.236046
-0.846252
-0.351616
-0.826225
0
-0.0055542
0
-0.136131
0
0
0
0
-0.258347
0
0
0
0
-0.0294495
0
-0.00195312
0
0
0
0
0.168274
0
-0.00552368
0
0.309601
-0.0958862
0
-0.121918
-0.00396729
0
-3.76605
0
0
0
0
0
-4.06997
0
-0.866013
-0.00351715
-0.16774
0
0
-0.00253296
0
-7.62939e-05
0
-0.0111008
0
-0.00112915
-0.00811005
1.53175
-2.85505
0
-0.0350113
-0.05513
-0.0251312
0
0
0
0
0
0
-0.17601
0
-0.00106812
-0.001297
-0.0891113
-0.117935
-0.397842
-0.133041
-0.0110779
0
0
-0.0085144
2.65466
5.89508
0
0
-1.80292
-0.0582275
-359.313
-0.497817
-0.82238
-0.0403519
-0.053421
-0.984406
-0.0454254
-0.13382
0
0
0
0
0
0
-0.310654
-0.0925293
0
-0.0181885
0
-0.0652161
-0.344467
0.918793
-0.00186157
0
0
-0.539841
0
0
-0.182602
0
0
-0.000671387
-0.0816193
0
0
-0.00578308
-0.0478821
-0.00979614
-0.00369263
0
-0.127075
0
0
0
0
0
-0.146057
-2.33762
0
-0.000762939
-0.00177002
0
-1.34436
0
-0.263062
0
0
-0.138336
0
0
0
0
-0.0463257
-0.000457764
-0.116516
-0.0118718
0
0
-0.167786
-0.708954
-0.173828
0
-0.0799103
1.2728
0.139984
0
0
-0.0087738
0.287613
-0.023407
-0.0235596
0
0
-0.00166321
0
-0.000228882
0
-0.0804138
0
0
0
0
0
-0.508636
-0.465179
-0.0614624
0
0
0
4.25934
0
-2.92032
0
-0.0144348
-1.77695
-0.0324097
-0.616302
0
0
-0.000183105
-0.337646
-0.0804138
0
-0.0628052
-0.0209351
-0.0147095
-0.0761108
-0.0105286
-0.023407
-0.851288
-0.849457
-0.586243
3.83019
0.868473
-0.0347462
0
0
0
0
0
0
-0.252815
0
0
-0.150223
0
0
0
-0.696449
-0.0123138
0
0
-0.0105743
-0.0786743
0
0
0
-0.026947
-0.0190735
-0.24884
0
0
0
0
0
0
0
-0.204498
0
-0.0431213
0
0
0
-0.133591
0
-0.0437317
0.350807
0
0
-0.00532532
0
-0.398331
0
0
0
-0.171356
0
0
0
0.202423
-1.2196
-0.0990601
0
0
0
-0.206696
0
-0.716919
-0.0283813
0
-0.00346985
0
-0.0219314
-3.49449
-8.24928e-05
0
0
0
-0.279786
0
-0.0176668
0
0
0
-0.217968
-0.00966263
-0.152443
0
-0.216034
-0.258453
0
0
-0.00806046
-0.491837
-0.0874939
-0.0103149
0
-0.0914612
-0.0871124
-0.00292969
-0.0277405
-0.0662994
-0.0588989
-0.00439453
0
-0.7836
0
0
-1.38014
-0.967758
0
0
0
-0.254089
0
-0.00430298
0
0
-0.00050354
0
0
0.371521
-0.160599
0
-0.0197449
-0.302322
0
-0.64621
-0.0451355
-0.0267944
-0.00100708
-0.0122681
0
-0.713531
0
-0.000518799
-0.00811768
-0.0109863
-0.0187988
-0.725433
0
-0.0713196
0
0
-0.00210571
-7.06116
0
0
0
0
0
0
-0.292032
-0.00173569
0
-0.000925064
-0.0935211
-0.0108147
-0.00290298
-0.00326538
-0.032753
-0.619545
-2.47871
-0.0594177
-0.0457458
-0.315338
0
0
7.70512
-0.526047
-2.03287
0
-0.444351
-0.392609
-8.87489
0
-0.0804443
-0.013382
-0.495407
0
0
0
0
0
0
-0.0203094
0
-0.0278473
-0.101212
-0.0611725
-0.000183105
0
-0.0630646
-0.00888062
-0.107697
0
0
0
0
-0.0236359
-0.0103149
0.754303
0
0
0
-1.13533
-1.06801
-0.107407
0
0
-0.198669
-0.135681
-0.480927
0
-0.0744171
0
0
0
-0.0174255
0
-0.0172424
-0.120453
0
0
0
0
-0.0757217
-0.0185852
0
0
-0.067688
0
0
0
0
0
-0.0264587
0
-0.000671387
0
0
0
0
0
0
0
0
0
0
0
0
0
0
0
0
0
0
0
0
0
0
0
-0.119202
0
0
0
0
0
-0.100548
0
-0.0543365
0
0
0
0
0
0
-0.59726
0
0
0
0
0
0
-0.000213623
-0.00344849
-0.0119934
0.00543213
-0.00289917
-0.000732422
0
0
0
0
0
0
0
0
0
0
0
0
0
0
0
0
0
0.0271606
0
0
0
0
0
0
-0.00531006
0
0
0
0
0
0
0
0
0
0
0
0
0.0143509
0
0
-0.071167
0
0
0
-0.400055
-0.0592651
-0.000610352
-0.0514221
0
-0.0313416
-0.0187378
-0.000396729
-0.0950317
-0.0322266
-0.0797424
-0.00946045
0
-0.0194702
-0.064209
-0.000762939
-0.00668335
-0.0108643
-0.003479
-0.00567627
-0.00799561
0
0
-0.00946045
-0.0143433
0
0
0
0
0
0
0
0
0
-0.0636292
-0.0965729
0
0
0
-0.106873
0
-0.0490723
-0.0744019
-0.000183105
0
-0.0275269
-0.00769043
-0.0171509
-0.345184
-0.0360107
-0.00524902
0
0
0
0
-0.0244675
0
0
-0.0239334
-0.217697
0
0
0
0
0
-1.24399
-0.516327
0
-0.241417
-0.0202332
0
-0.00733948
0
0
0
0
0
0
0
0
0
0
0
0
-0.117279
0
0
-0.0175476
0
0
0
-0.0255737
-0.00506592
0
-0.0291443
0.0654984
0
-0.0157318
-0.0016098
-0.0359344
0
0
0
-0.0485535
0
0
0
0
0
0
-0.0285645
0
-0.271454
0
-0.0209846
0
0
-0.13105
-0.0204849
0
-0.78627
0
0
0
-0.0135193
0
-0.335663
-0.109344
-0.00900269
-0.0603027
-0.00253296
0
-0.00357056
-0.0145264
-0.0141907
0
0
-0.0875244
0
0
0
0
0.0055542
0
0
-0.10268
0
-0.076767
-0.767708
0
-0.140953
0
-0.0393219
0.299927
0
-3.53609
1.00838
-1.21068
0
0
-0.0014267
-0.11554
0
-0.0120926
0
-0.0200348
0
0
0
-0.00741577
-0.189728
-0.0100098
-0.0433655
-1.06238
0
0
0
-0.0813904
-2.12796
-1.23337
0
0
-0.287689
0
-0.0163631
-7.31296
0
-3.8147e-06
0
-0.114204
-0.100456
-0.0697479
0
0
-0.0521088
0
0
-0.273224
-0.661552
0
-0.024147
-0.085144
0
-0.361237
0
-0.0184479
0
0
0
-0.0372925
-0.589874
-3.34955
-0.601837
0
-0.608246
-0.00875854
-0.00106812
0
0
0
-0.0101929
0
-0.00746346
-0.0325451
-0.0126419
-0.0150604
-0.379219
-1.13467
-0.0175171
-0.319923
-0.00263977
-0.0574646
-0.00440216
-0.042572
-0.322563
3.76039
-0.0688553
-0.00930786
0
-0.347549
-0.0042572
-0.171707
-0.0391083
-0.904831
0
0
0
0
0
0
-0.011734
-0.00782776
-0.189117
-0.00408936
0
-0.122253
-0.909607
-0.718079
-0.204285
0.563477
-0.238922
0
0
-0.502869
-0.395935
-0.00473022
0
0
-0.691254
0
0
-0.00234985
-0.00012207
0
0
-0.00473022
-0.346433
-0.00280762
0
-0.0436172
-0.0853271
0
-0.0703964
-0.00720978
-0.0273514
-0.00862122
-0.0240936
-0.470734
-0.158012
-0.115799
-0.185684
0
-0.0226288
-0.347305
0
0
-0.00762939
-0.00991821
-0.00811768
-0.610718
0
-0.216827
-0.0877075
-0.0108032
-0.000244141
-0.63382
-0.776886
-0.542755
0
1.48077
-0.111633
-0.73526
-0.733215
-0.00149536
0
-0.00012207
0
0
-0.00140381
-0.0318604
-4.66125
-0.0675049
-0.142303
-0.00814819
0
0
0
0
0
0
0
9.62477
0
0
0
0
-0.21965
0
-0.000579834
0
0
0
-0.0366211
0
0
0
0
0.0215759
0
-0.00617981
0
0
0
0
0.00485229
-0.0285339
0
-0.01474
0
0
0
0
-0.443634
0
0
0
-0.0488534
0
-0.0198512
0
0
0
-0.0489197
0
-0.112122
-0.14798
0
0
-0.043869
0
0
0
-0.0122681
0
0
-0.0352173
0
-0.00488281
-0.262238
-0.0896645
0
-0.238739
-3.12855
0.255035
-0.0606384
0
0
0
-0.124718
-0.0854874
0
-0.00880432
-0.0163803
0
0
-0.00576782
0
-0.00489807
0
-0.690239
0
0
-0.250687
-0.000335693
-0.0403137
-1.01053
0
-0.0117493
-0.625183
-0.0256348
0
0
0
-0.0998993
0
0
-0.126328
0
-0.096489
0
0
0
0
-3.72273
-0.679649
-0.027916
3.72273
0
-0.146843
-0.0794983
-0.0226746
0
-0.000671387
0
0
0
0
-1.74213
-0.481293
-0.25769
-0.0779419
-0.0685425
0
0
0
0
0
-0.0586243
-0.00263977
-0.0598602
-0.0750809
-0.00344849
-0.0466919
-0.960266
1.32791
-1.34906
-0.358459
-0.0272827
-0.112724
-0.00636292
-0.979126
-0.00131989
-0.0784912
-0.00298309
-0.0541916
0
0
0
0
-2.39922
0
0
0
-1.76253
0
-0.358612
-0.0147095
-0.36731
-0.0936584
0
-0.110207
-0.0966797
0.0332794
-0.1548
-0.00817108
-0.945137
0
-0.620468
-0.252518
-0.137634
-0.893616
-0.0354614
-0.692535
-0.187622
-0.955826
-0.551041
-0.00682068
-0.0126648
-0.487686
-0.0330048
-0.139618
0
0
-2.33374
-0.141296
-1.00189
-0.00494385
0
-0.00335693
0
-0.024498
0
0
0
-0.257416
0
0
0
0
0.639191
-0.0380859
0
0
-0.206749
-0.449974
0
0
-0.442535
-0.0131454
0
-0.0496597
-0.0354614
0
0
-0.00305176
-0.0149307
-0.0729828
-0.0204773
-0.212082
-0.0458374
0
0
0
0
-0.00808716
-0.180359
-0.198212
0
0
-0.00302124
-0.000244141
-0.00393677
0
0
0
0
-0.000915527
0
0
0
0
-0.000305176
-0.00680542
0
0
0
-0.483093
-0.0767212
0
-1.73965
0
-0.0509872
0
0
-0.0089798
-0.00689697
0
0
-0.00337982
-0.00173187
0
0
0
0
-0.00209045
-0.00242615
-0.00318146
0
-0.0110321
0
0
0
-0.00666809
-0.0133972
0
0
0
-0.0191727
-0.0012207
0
-0.0125656
-0.00312042
0
-0.0359879
0
0
0
-0.00306702
0.427422
-0.07547
-0.025856
0
0
1.77324
-0.00332642
-4.4856
-0.0285034
0
-0.181213
0
-0.000854492
-0.959229
-3.05176e-05
0
0
0
-0.0240784
-0.0201721
-0.0313721
0
0
-0.0184021
0
0
-0.000579834
-0.205627
0
0
0
-0.00424194
0
-0.0015564
-0.000396729
-0.00375366
0
-0.00161743
-0.00161743
-0.559052
-0.0043335
0
0
-353.37
-0.00173771
-0.0101147
-1.16322
-2.1772
-0.13818
-0.00580215
-0.0113363
-8.89071
-0.00537682
-0.0145397
-0.0832424
-0.134048
-0.0252914
0
0
-0.0168533
-0.0118179
-0.343124
-0.263245
0
-0.603668
-1.73968
-0.310402
0
-0.40094
-0.693054
-0.829102
-0.0246887
3.91756
-1.53925
-1.06635
-0.889633
-0.14653
1.52605
-0.527435
-0.274536
-0.00486755
0.472473
-3.25844
-2.32552
-0.0785675
-0.514862
-4.84047
-0.0802002
0
-0.830063
-0.766724
-0.189392
-0.900238
0
-0.0249329
-0.0224609
-1.1908
0
-0.737013
-0.803291
-0.848557
-0.0748978
-0.0300674
0
-0.00315857
2.13238
-0.028862
-2.41342
-0.112335
-0.000427246
-0.0733948
-0.0175781
-0.0078125
-1.21672
-4.94797
0
-0.0652313
-0.387665
0
0.853989
1.46692
-0.752975
-7.1989
-0.000274658
-0.27095
-1.55916
-0.0209808
0
-0.00572205
-2.43849
-0.841614
-0.147217
-0.0479584
5.69611
-0.621368
-0.000305176
0
-0.0012207
-0.00363159
-0.0566406
-0.0067749
-5.19818
0
-0.186939
-0.526699
0
-0.0280018
-0.018074
0
-0.026062
-0.0043335
0
0
-0.105499
0
0
0
0
-0.045517
0
0
-1.29907
0
0
-0.787788
0
-0.89032
0
0
-0.0315552
0
0
0
-0.0184021
-0.209045
-0.0949402
-0.190422
-0.00269318
-0.00498962
-0.000671387
-0.386169
-0.0296021
-0.468506
-0.00939178
-0.139015
-0.117264
-0.00512695
-0.73114
-1.54517
-0.246094
-0.182495
-0.0341797
-0.492462
-0.328064
-0.0232544
0.0515594
-0.366135
-0.362053
-0.000190735
-0.291946
-0.361069
-0.885498
-0.710388
-0.592194
-0.00616455
-0.00646817
-0.00512831
0
-2.57185
-0.0492526
-0.0125012
0
-0.00733531
-0.303014
0
-0.322427
-0.0315647
0
-0.393082
0
-0.00652313
-0.0708332
-0.00962353
-0.000134468
-0.0535288
0
-0.0870895
-0.0614691
-0.00184917
-0.00562668
0
0
0
-0.0181313
-0.00699615
-0.145601
0
0
0
-1.03675
-0.333542
0
0
-0.0433197
-0.0147781
-0.00714111
-0.187675
-0.0311813
0
-0.0313721
0
0
-0.0987549
-0.00706482
0
-0.661484
-0.0420532
0
0
-0.00680542
0
0
-0.0705872
0
0
-0.0492859
-0.208649
0
0
-0.000305176
-0.0310059
-0.067749
-0.345398
-1.27057
-0.0229797
0
0
-0.00260925
-0.778793
-0.430634
0
0
0
-0.0462036
0
-0.104034
0
0
-0.00653076
0
0
0
-0.154922
0
-0.0656281
-0.552261
-0.0235901
-0.00126648
-0.301636
-0.0145874
0
0
-0.474152
-0.00134277
-0.000717163
-0.0388336
0
-0.100174
0
-0.00984192
0
-0.617477
-0.219376
-0.0214844
-0.0569458
-0.00567627
-0.130081
0
-2.155
-0.00154114
0
0
0
0
0
0.82634
0
0
0
0
0
0
0
0
0
0
-0.864426
0
0.00175476
-0.222992
0
0
-0.106445
-0.973572
-0.673065
-0.000213623
-0.787292
0
-0.000183105
-0.0133667
0
-1.09024
-0.537689
-0.00344849
0
-0.115784
0
0
0
0
0
0
0
0
0
0
0
0
0
0
0
0
0
0
1.0318
-0.0952454
0
-1.12204
-0.00466919
0
-0.00463867
-0.000671387
-0.0216675
-0.00149536
-0.00357056
-0.00128174
-0.00524902
-0.00164795
-0.0027771
-0.395172
-0.00296021
-1.06314
-0.000183105
-0.0112
-0.00457764
0
-0.00149536
-0.00106812
-0.0325012
-0.0204773
-0.652771
-0.117889
-0.0732117
-0.10199
-0.465881
-0.289337
0
-0.0782166
0
-0.000976562
-0.00192261
0
-0.214325
0
0
-0.0300293
0
-0.930939
-0.0538635
-359.855
0
-0.0146618
-0.0290234
0
-0.0103517
-0.0103517
-0.0945525
0
-0.22332
0
0
-0.000638008
-0.65203
-0.0218487
-0.0375433
0
-0.0984726
-1.28211
0
0
0
-0.374252
-0.204369
-0.660759
-0.045433
-0.0142269
0
-1.85815
0
0
-0.919426
-0.173286
-0.0526123
-0.460686
-0.17791
0
-0.000228882
0
1.07152
-4.57764e-05
-0.00880432
-0.00274658
-0.05513
0
0
0
-0.262741
-0.0198212
0
0
-0.645172
-0.217972
0
-0.169785
-2.00203
0
-0.00845337
-0.0137787
0
-0.133194
0
0
-0.062973
-0.0790253
-0.0252686
-0.0010376
-0.141998
0
0
-0.0142517
-0.0038147
-0.190323
-0.0198517
0
0
-0.117844
0
0
-0.0915527
-0.0139923
0
0
2.38837
-0.616074
-0.165237
0
-0.00788879
0
0
0
-0.0697327
0
0
-0.116623
0
0
0
-0.00100708
0
-0.00163269
-0.000640869
-0.000335693
0
0
0
-0.0540924
-0.00151062
0
-0.00239563
0
-0.0113678
0
0
0
0
0
0
0
-0.11644
-2.07745
0
-0.0561523
-0.0567017
-0.0826721
-0.04953
0
-0.532715
-1.35754
0
0
0
0
-0.505554
0
0
0
0
0
-0.676361
0
-0.0508728
0
0
-0.256653
-0.000152588
0
-0.00146484
0
0
0
0
0
0
-0.15033
0.944458
-1.65289
0
-0.00939941
0
-0.00814819
-0.396362
-0.00860596
-0.0139771
-0.00210571
-0.00952148
-0.00262451
-0.0623474
-0.0486755
-0.0367737
-0.00238037
-0.00595093
-0.776428
-0.00537109
-0.0057373
-9.15527e-05
-0.00668335
-0.00299072
-0.0112305
-0.146393
-0.0466614
-0.0258179
-0.00271606
-0.266724
-0.00268555
-0.015686
0
-0.681091
0
-0.00012207
-0.0152283
-0.00997925
-0.0115967
0
-0.0012207
0
0
-0.00338745
-0.256927
0
-0.0414734
0
-4.58509
-0.361259
-0.00439453
-0.4189
-1.19108
-0.037384
1.63331
-0.0609436
-2.3963
-0.952118
-2.73009
-1.0217
0
-2.49287
-0.209747
-0.0722046
-0.0294952
-3.5701
-0.494413
-0.139956
-0.00107574
-2.65508
-0.123589
-7.04414
-1.62381
-0.669159
-0.14621
-0.171387
-3.24724
-1.50772
-1.1474
-0.20929
-0.282417
-0.0251007
0
0
0
0
-2.83308
-0.721596
0
0
0
0
0
0
0
0
0
-0.00120544
-0.0238647
0
0
0
0
-0.00811768
-0.130219
0
0
0
0
0
0
0
0
0
-0.00817871
0
0
0
0
0
-0.00268555
0
0
0
-0.00299072
0
0
0
0
-0.911652
0
0
0
-0.0261383
-0.0175476
-0.0602341
0
0
0
0
1.66841
0
0
-0.252594
-0.0226135
0.96283
0
0
0
0
0
1.0621
0
-0.0387878
0
0
0
0
-0.418121
0
0
-0.00866699
-0.0214844
0
0
0
0
0
0
0
0
-0.218658
0
-0.232544
-0.286774
-0.00714111
0
0
-0.0640564
0
0
0
-0.309937
0
0
-0.0146484
-0.00088501
0
0
0
-0.566589
0
0
-0.0996704
-0.464508
-0.0927124
0
0
0
0
0
0
0
0
0
-0.00518799
0
0
0
-0.00271606
0
-0.211884
-0.0600586
0
-0.0763245
-0.0175476
0
0
0
0
-0.00918579
0
-0.236084
-0.163452
0
-0.0108643
0
0
0
0
-0.0937195
0
0
0
0
-0.222198
0
0
0
0
0
0
-0.00109863
0
0
0
0
0
-0.0640793
0
-0.0130234
0
0
0
0
0
0
-0.0131073
0
0
0
0
0
0
0
0
0
0
0
-2.18829
-0.00198364
0
0
0
0
0
-1.53799
-0.0039978
0
-0.5448
0
0
0
-0.534245
-0.0018959
0
-0.964725
0
0
0
0
0
0
0
0
0
-0.411987
0
0
-0.104736
0
0
-0.000534058
0
0
0
0
-0.586937
0
0
-0.00662994
0
-0.300064
0
0
-0.00961304
0
-0.0219421
-1.03925
0
-0.611156
-0.000976562
-0.0278587
-0.132874
-0.00323486
-0.00338745
0
-0.00733948
0
0
-0.0539246
0
0
0
-0.00537109
-0.0458374
-1.83032
-0.483704
0
-0.141373
-0.0105743
-0.00977325
-0.804199
0
-0.875427
-1.60666
-0.258484
-0.02948
-0.342102
-2.96063
-0.0090332
-0.0620117
-0.355133
-4.41376
-0.594734
-2.91682
-0.0863266
-0.125648
-0.0302658
-0.119362
0
-0.018692
3.4561
-0.00547028
-0.0835266
-0.0434723
-0.383179
6.59415
-0.444214
-0.0177612
-0.00384521
1.27701
-0.434723
-0.677338
-0.00466919
4.1149
0
-0.0830331
-0.079917
-0.113821
0
0
0
0
0
-0.0879288
0
0
0
0
0
0
-0.016449
-0.0187073
0
0
-0.0194092
0
-0.03302
-0.00836182
-0.0971985
0.0899048
-0.10672
0
0
0
0.157959
-0.0553589
0
0
0
-0.0664673
0
0
0
0
0
0
-0.143707
-0.00765991
1.08438
-0.0151672
0
0
0
0
-0.133667
-0.317902
0
-0.0647278
0
-0.149841
0
0
0
0
0
0
-0.173401
-0.0493774
-0.348236
-0.00161743
0
0
0
0
0
-0.0353394
-0.0962219
0
-0.00164795
0
0.205963
0
0
0
0
-0.026886
-0.0337219
0.507233
0
0
0
0
0
0
0
0
-0.289097
-0.00177002
0
0
0
0
0
0
-0.581268
0
0
-0.0662537
0
0
0
0
0
0
-0.0286865
-0.208984
-0.301331
0
0
0
0
0
0
0
0
0
-0.00582886
0
-0.0396729
-0.00543213
-0.340515
-0.0718384
0
0
0
-0.00537109
-0.0623169
0
0
0
0
0
-0.0610657
0
-1.51965
-0.136963
0
-0.0363159
-0.00140381
0
0
-0.0510254
0
-0.0944214
0
-0.038147
0
0.235321
0
0
-0.142456
0
0
0
0
-0.00430298
0
0
0
0
0
0
-0.121826
-0.2854
0
0
-0.00820923
0
-0.0708008
0
0
-0.0681458
-0.0250244
0
-0.383667
0
-0.0365295
-0.0415649
0
0
0
0
0.411407
-0.0528564
-0.475342
0
0
0.350342
0
0
-0.859977
0
-0.177979
-0.172791
0
-0.270599
-0.391113
-0.4646
-0.362244
-0.225403
0
0
0
-0.00282812
-0.0416104
-0.00658894
0
0
0
0
0
-0.00369263
-0.392448
-1.35117
-1.80786
0
0
0
0
0
0
0
-0.210205
-0.596344
0
0
0
-0.374969
0
-0.0692291
0
-0.0014801
-0.000564575
0
-0.00706482
-0.27121
9.3038
-0.00804138
-0.0686035
-12.9636
-0.000274658
0
-0.118286
0
-0.000671387
0
0
-0.00152588
-1.91107
-0.977386
0
-0.326538
0
0
-0.013916
-0.000915527
-0.265778
0
0
-0.120677
-0.000886917
-0.00958586
-0.0366592
-0.0455508
-3.18381
-0.0103517
-0.72273
-0.0295601
-0.170835
-1.01763
0
-2.82832
-0.0032959
0
1.44325
-0.479019
0
-0.00841522
0
-0.00260925
-0.0146637
0
0
0
0
0
-0.176819
-0.94075
-0.30751
2.39998
0
-0.0127563
0
0
0
-0.00927734
0
0.330769
-0.00935364
-0.0927582
-0.0184784
0
0
0
0
-0.00253296
-0.0187988
-0.00912189
-0.0565257
-0.192111
-0.106658
0
0
-0.921204
0
0
-2.09827
-0.0408325
-0.103882
1.06656
-2.61685
-5.40778
0
0
0
0
0
-0.524963
-1.03625
-0.0163116
-0.000274658
0
-1.68414
-0.0176086
-0.000228882
0
-0.010025
0
-0.0411987
-0.00326538
0
-0.0162964
-0.0445862
0
-0.0109711
-0.000480652
-0.0177994
-0.127457
-0.116493
-1.26141
-0.102417
-0.00299072
0
0
0
-0.879564
-0.661911
0
0
-0.00100708
-0.00701141
-0.0117111
-2.22841
-0.0191498
-0.0276642
-0.0512543
-0.0198517
7.31532
-0.0256042
-0.27858
1.007
-0.026413
-0.0170288
0
-0.0286255
-3.70596
-0.312683
-0.141632
0
0
-0.0468559
-0.0579071
-1.57211
-1.4726
-0.0923462
-0.000335693
-0.118454
-0.0129852
-0.00964355
0
0
0
-0.00352478
-0.019165
0
-0.465942
-0.857712
-2.02905
-0.0215149
-0.114441
-0.156586
0
0
0
-1.47205
-0.0491943
-0.000305176
-0.00448608
-0.000183105
-0.000915527
-0.924518
-0.0534973
-0.00770569
-0.011795
0.147217
-0.00572205
-1.6523
-0.00357056
-0.000366211
-0.171814
-6.10352e-05
0
-0.0372925
-0.0196228
-0.0391235
-0.00845337
-0.589233
-0.00493336
0
-0.0364685
-0.0563431
0
-0.101089
-1.43774
0
-0.0181885
-0.0178833
-0.00489807
-0.170578
-0.00921631
-0.0085907
0
-0.0164185
-0.00109863
-0.00109863
-0.00238037
0
-0.00518799
0
0
-0.739548
-0.431412
-0.0279846
-0.190857
-0.00170898
-0.0793304
-0.00311279
0
-0.483002
0
-0.465988
0
-0.00138855
-0.0149536
-0.0587158
0
-0.357727
-0.00500488
-3.34103
-0.00701904
-0.340027
-0.31073
-0.0731201
-0.00262451
-0.0251465
-0.492554
-0.403595
0.0170593
0
0
0
0
-1.19931
0
0
-0.164398
-0.000701904
0
-0.0015564
-0.0511129
-0.0124359
-0.179298
0
-0.565742
0
-0.511459
-0.00247192
0
-0.113281
-0.274597
-0.18898
-9.15527e-05
-0.0220947
-0.00233459
-0.0201874
-0.00611877
-0.000335693
-0.0211334
-0.00816345
-0.00151062
-0.00114441
-0.468262
-0.0225983
0
0
0
-0.00463867
-0.0601196
0
-0.0711212
-0.053978
-0.268074
-0.0592499
-0.688759
-0.00799561
0
-2.88411
-0.330765
-6.7377
-0.661346
-1.18765
0.270203
-0.0267334
-0.485962
-0.0429993
-0.0270081
-0.55069
-0.248779
-0.000579834
-0.000152588
-0.579056
-0.0730896
-0.853943
-0.0407867
-0.0190506
-1.09933
-0.550201
-0.890663
-0.0353012
-0.00531769
0
-0.564545
-0.0807037
-0.000396729
1.82196
-1.18622
-0.048996
-0.195587
-0.127289
-0.381836
1.44034
-0.0805054
4.8714
-0.694305
-0.293701
-0.149048
-0.0145874
-0.0706482
-0.418297
-0.437759
-0.196503
-0.277946
-0.291878
0
-0.165298
-0.216423
2.7153
-0.171562
-0.401268
-0.154274
-1.03484
-0.00505066
-0.368004
-3.62321
-0.0970306
-0.99408
-4.3622
-0.147934
-0.625412
-0.0283203
-0.18985
-0.261139
-0.937241
0
-1.26422
-7.86234
-0.12558
1.41742
2.60934
-0.3797
-0.0116272
-2.57031
-0.0553589
-0.228577
-0.0947266
2.26404
-0.546051
-0.0228271
-1.00403
3.86279
-3.6716
0
-0.00698853
1.44241
-0.036888
-0.0303464
0
0.0555707
0.372087
-0.0890216
0
-0.0293207
-0.457326
0
0
-0.311435
-0.0106468
-0.0884171
-0.00551605
0
0
0
0
0
-0.00050354
-0.000762939
-0.0244446
-0.00280762
-0.169159
-0.00688171
0.669556
0
0
0
-0.126511
-0.00363159
-0.019165
-0.0135803
0
0
-0.144562
0
0
-0.00805664
0
-0.00190735
0
0
-0.326965
0
0
0
-1.50729
-0.018219
-0.0803833
-0.015564
0
-0.20459
-0.00213623
-0.520721
-0.0987549
0
-0.000488281
-0.014679
-0.00384521
-1.18604
3.25034
-0.216278
-0.241913
-0.411987
-0.0110779
-0.000854492
-0.0101929
-0.0250244
-0.0072937
-0.131317
-0.00348625
-358.827
-0.0203912
-358.324
-0.00228786
0
-0.197139
-0.000676394
-0.0216053
-0.0467112
-0.0984406
0
0
0
-0.129387
0
0
-0.0260162
0
0
0
-0.0186768
-0.00941467
-0.054184
-0.881989
0
-0.0146027
-0.578659
0
0
0
-0.0521545
-0.0179291
0
-0.000686646
-0.0591278
0
0
0
-0.0472412
0
0
-0.0283966
-0.109329
-0.0019989
-0.397812
0
0
0
0
-1.59769
-2.21719
-0.0015564
0
-0.0045166
0
-0.0327759
-0.0114136
0
-0.0093689
0
-0.0174561
-0.022583
-0.0988464
0
-0.314178
-0.0316162
-0.000823975
-0.181641
-0.461029
-0.0179749
-0.00128174
-0.0106506
0
0
0
0
0
-0.0195389
0
-0.0978928
-0.0930252
-0.000488281
0
-0.547768
-0.0861359
-0.00828552
0
0
0
0
0
0
0
-0.0183945
-0.0790939
0.145477
-0.0673828
-0.391121
0
0
0
0
0
0
-0.0817261
0.390167
-0.0570679
0
0.305466
-0.11515
-0.0509186
-0.128197
-0.108482
1.7616
-0.137566
-0.0172653
-0.00378418
-1.73587
-0.214355
-1.16956
0
-0.00335503
-0.00127411
0
0
-0.0458088
-0.0879135
-0.0345955
-0.000270844
0.267265
0
0
-1.82001
-0.00841141
-0.0314331
0
-0.0296364
-0.00521088
0
-0.0456772
0
-0.984898
-0.198532
0
0
0
0
0
0
0
0
0
0
-0.00571442
-0.728691
-0.429741
0
-0.0629349
-0.0430756
-0.299614
-0.795723
0
-0.353119
-0.258003
0
0
0
0
-0.00209045
-0.00488281
0
-0.0200958
0
-0.0997467
-0.0443115
0
-0.0951843
-0.0777893
0.927994
-0.103714
-0.285568
0
-0.227005
0
-0.00839233
0
0
0.00537109
2.26787
0
-0.00328064
0
-0.0123291
-3.43936
-1.15598
-0.401306
-0.00778198
-0.00213623
-0.00311279
0
0
0
0
-0.176748
0
0
0
-0.00345612
0
0
-2.02104
0
-0.436516
0
5.54847
0
-1.81302
0
0
0
-0.00144196
0
0
0
1.948
-0.0135651
0
0
-0.0443726
0
0
0
-0.547676
0
0
-0.0148468
-0.0746002
-0.0156555
-0.000961304
-0.0984192
-0.0161591
0
0
-0.00012207
-0.00498962
0
0
-0.163879
0
-0.633896
-0.18689
-0.763336
-0.00415039
-0.799988
-0.41243
-0.151306
0
-0.18573
-1.32117
-0.013855
-0.724792
-0.0194397
0
-1.85767
-0.749664
-0.026001
-0.138123
0
0
0
-0.00424957
0
0
0
0
0
-0.444565
-0.199081
0
-0.560883
-0.602249
-0.075058
-0.00753784
-0.00891113
-0.232574
0
-0.0589905
0
-0.573078
-1.18491
0
-0.00602722
-1.33781
-1.09403
0
-0.00185394
0
0.373917
0
0
0
0
-0.0180359
-0.00350952
-0.000762939
0
0
-0.000671387
0
-0.867828
-0.000183105
-0.029541
0
-0.0168457
-0.0235596
0
0
0
0
-0.00125122
0
0
0
0
0
0
0
2.06436
-0.0993042
0
0
-0.0242615
0
0
0
-0.0136414
0
0
-1.23236
-0.215057
0
0
-0.0210495
-0.0464249
0
-0.0101013
0
0
0
-0.0144348
-0.0816956
0
0
0
-0.0198364
-1.09918
-0.0163269
0
0
0
0
0
0
-0.00939941
0
0
0
0
-0.270319
-358.686
0
0
0
0
-2.91524
0
-0.0327072
-0.0989532
-0.060051
-0.352287
0
0
-0.0686874
0
0
-0.0257721
-0.000350952
0
-0.136772
0
0
-0.325256
0
0
1.34235
0
0
0
-0.508652
-0.729492
-1.67465
-0.000396729
0
-0.0830536
-0.0880737
0
0
-0.00280762
0
0
-0.0562744
0
-0.0299988
-0.0213623
-0.197449
0
-0.0513916
0.0342407
-0.033783
0
-0.18457
0
0
-0.000579834
-0.03479
-0.0308838
-0.00561523
-0.0335693
0
-0.102203
0
-0.0400391
-0.00109863
-0.614838
-1.81754
-0.00265503
-0.00482178
-4.12739
0.32321
-0.3541
0
0
-0.857237
-0.298874
0
-0.695332
0
-0.250534
10.445
0
-0.503044
0
0
0
0
-0.113213
-0.0130768
-0.122505
-0.106201
-0.256409
-0.00302887
-0.0514755
0
-0.0968628
-0.10321
-0.00360107
0
0
0
-0.000976562
0
-0.134491
-1.19836
-0.450043
-0.199463
-0.0289307
0
-0.0144043
0
-0.00210571
0
0
-0.24234
-0.0475464
-0.0870056
0
-0.071167
-0.0293884
0
-1.86575
-0.00012207
-0.039856
-0.0203552
-0.0353699
0
-0.00133705
-0.216063
-0.000682831
-0.0474186
-2.57191
-1.19275
-0.0248642
-0.108269
-0.25618
-0.82943
-0.32618
-0.983871
-0.14637
-0.0176468
-0.102112
-2.54338
1.14895
-0.000152588
-0.060791
-0.0015564
-0.00231934
-5.07863
-0.0405731
-0.00479126
2.48643
-7.99089
-2.92119
-1.73965
-1.16882
-0.75705
-0.0704651
-0.436005
-1.306
-0.941711
5.2808
0
-0.000457764
-0.182045
-0.422768
-0.490463
-0.039444
0
0
0
1.3436
1.96548
2.30054
-0.596405
-0.0744629
-0.0354004
-0.152985
-0.278931
-0.326813
-1.79965
-0.728546
-0.0252686
-0.375519
-0.0991578
-0.287835
-0.140106
-0.147476
-0.0270386
-0.000549316
-0.0977173
-0.000152588
-0.570038
-0.265991
-0.177582
-0.0419006
-0.936195
-1.9749
-0.00409698
-7.3851
-0.227768
-0.0311737
-0.00141907
-0.00087738
-0.000289917
-0.00548553
1.12471
-0.0113373
-0.0122986
-0.0179291
-0.000549316
0.989143
-0.110909
-0.564934
-2.23166
-0.0152435
-0.00180054
0
-0.0286255
-0.00541687
-1.73868
-0.115967
-0.0273743
-0.020813
-0.00341797
-0.0391846
-0.0206299
-0.00119019
-0.048645
-0.0499268
-0.00537109
-0.157928
0.860291
-0.349915
0
-0.120728
0.91272
-0.043396
-2.40439
-2.02426
-1.98187
-0.239319
0
-0.0592499
-0.0396042
-0.0129852
-0.0566254
-0.00966644
-0.107712
-0.028801
-0.298218
-0.00547791
-0.0079422
-0.0103378
-0.0286484
-0.0706635
-0.155174
-0.0246201
-0.0272827
-0.000709534
-0.00567627
0.892723
-1.29123
-0.137329
-0.09021
-0.0961761
-1.21832
-0.0253754
-0.721848
-0.0519409
-0.95134
-0.0114441
-0.25798
-0.00328064
-0.00405884
-0.032074
-0.00543213
-0.328949
-0.00357056
-0.00271606
-0.0256958
-0.0101318
-0.141846
-0.0104675
0.0926819
-0.111938
-0.00158691
-0.515686
-0.00222778
-0.0184937
-0.0112915
-0.0183411
-0.0821228
-0.0528259
-0.0381165
-1.24405
-0.114319
0
0
0
-0.648376
0
0
0
-0.116638
-0.000236511
-0.00332642
0
0
0
0
0
0
0
0
0
0
0
0
-0.000656128
0
-0.000442505
-0.0326385
0
0
-0.456085
-0.2202
-1.33273
0
-0.0534363
0
0
0
-1.26123
-3.54987
0
-0.0172424
0
0
-1.33722
0
-0.065033
0
-0.0784912
0
-0.000274658
0
0
0
0
-0.0099411
-1.15483
-1.03738
-0.156334
-0.128616
0
-0.604301
-0.00242615
0
0
0
0
0
-0.000663757
0
-0.000915527
-0.10405
-1.55464
0
0
-0.211807
0
0
0
-0.502228
-0.00305176
0
0
0
0
-0.00050354
-0.00126648
-0.003479
-0.00158691
-0.987122
-1.34435
0
0
-1.196
-0.0216217
0
0
0
0
0
0
-0.04245
0
0
-0.00146484
0
0
-0.028496
-0.0930099
-0.116699
-0.266129
-0.040863
-1.78336
0
0
-0.0415649
-2.88165
-0.18335
0
-0.0227356
-0.00109863
0
-0.940948
-5.30716
0
-0.896996
0
-0.155937
-1.04781
-0.00649261
-0.0411072
0
0.010376
0
-0.00930786
-0.705383
-0.0193024
-0.186447
-0.000976562
-0.00339508
-0.316391
-0.120071
-4.0786
0
0
-0.0168915
0
0
0
-4.72327
-0.0287781
-0.0513916
0
-0.307739
0
0
0
-0.590622
-0.000541687
-0.340179
0
-1.67555
0
0
0
0
-0.01474
0
-0.0167236
-0.115234
0
-0.796814
-0.0166321
-3.13199
-0.172607
-0.00185013
-0.0136986
-0.00518799
-0.38105
-1.41493
-0.00948334
-0.268127
-0.181786
0
0
-0.00766754
-0.00344086
-0.553795
-0.337425
-0.310097
-2.25784
-0.0396194
0
-0.127296
-0.682251
-0.0461502
0
-0.0241547
0
-0.0225372
0
0
-0.784576
-0.0456848
0
0
-0.988892
0
0
0
-0.00839233
-0.0101929
0
0
0
0
0
0
-2.2204
-0.00427246
0
-0.000244141
-0.0310974
4.65927
-0.0715027
-0.00408936
0
-1.05023
-0.00244141
-0.348785
-0.00460815
0
-0.00436401
-0.716431
-0.257782
-0.316925
-1.52164
-0.081543
-0.169884
-0.52903
-0.215828
-0.00476837
0
0
0
-0.00898743
-0.761314
0
0
-0.321526
-0.0175552
-0.00218201
-1.12955
-0.339142
-0.0171814
-0.0159149
-0.138046
-0.312576
-1.91548
-0.933395
0
0
-0.00439453
-0.0117188
0
0
-0.000854492
-0.0969543
0
-3.16586
1.98465
-0.000640869
0
-1.00369
-0.0027771
-0.00680542
-0.863434
-0.0015564
-0.763092
0
-0.246307
-0.0293274
-0.00543213
-0.1091
-0.0657959
-0.939423
-0.102905
-0.0278702
-1.11478
-0.504097
-0.719688
0
-0.0155334
0
-0.284424
0
0
-1.12228
-0.0447388
-0.000350952
-0.0784149
-0.449982
-0.0660553
-0.00732422
-0.145035
-0.0108185
-0.0705261
-0.0546112
-0.241516
-0.0443268
-0.453766
0
0
0
-0.0461426
0
0
-0.323486
-0.459778
-0.0604858
-0.000396729
-0.00170898
-0.00279236
-0.0107117
-0.347717
-0.0235291
-0.0539398
0
-0.000106812
-0.0183716
-0.0439301
-0.00454712
-0.209259
-0.100418
-0.101303
-0.0550079
-0.255676
0
0
-1.45901
0
0
-0.0731239
0
-0.247803
-1.73991
-0.47171
0
0
-4.48685
0
0
-0.0149536
0
-0.326889
0
-0.00405884
-0.299332
-0.00318909
-0.16098
0
-1.51596
0
-0.24292
0
-0.629547
-0.0321045
-0.00653076
-0.317902
-0.406158
0
0
0
-0.00183105
-0.488159
-0.000701904
0
0
-0.7435
-0.36908
0
0
0
0
-2.33997
0
2.23642
0
1.63986
0
0
-0.546173
-0.138245
0
0
-0.000946045
0
0
-0.000244141
-0.0748291
-0.263336
0
0
-0.00140381
0
4.3429
-0.000854492
0
0
0
0
0
-2.40485
0
-0.0787048
0
-0.0125122
0
0
0
0
0
0
0
0
-2.16492
0
0
0
0
0
0
0
0
0
0
-0.0290527
-0.634796
0
0.0451202
-0.690231
-0.444611
0
0
0
0
-1.12244
-0.00152588
-0.0865479
0
0
-0.154449
0.565369
0
0
0
0
0
2.93311
-2.47552
0
-1.22351
0
-2.07861
1.40079
0
-0.0733337
0
0
-0.0495605
0
-5.14297
0
0
0
0
0
0
-0.0592957
-0.00180054
0
0
-0.617004
0
0
-0.0421753
3.15518
0
0
0
0
-6.33416
0
0.882027
-2.7067
0
-0.0072937
-0.0035553
-1.89788
-0.170906
-1.67312
-0.279602
-0.0295563
-0.263535
-0.368301
-0.166519
0
-0.700089
-0.0630493
-0.00491333
0
0
-0.741547
-0.0108032
-0.0725098
-0.00210571
-0.00332642
0
-0.0576172
-0.815063
-0.206207
0
-0.0210266
0
-4.39218
-0.0888367
0
-0.00204468
-0.0368042
0
-0.0211792
0
0
-0.304825
-7.76493
-0.0199661
-0.0515671
-0.502083
-0.260765
-0.212486
0
-0.258385
-0.0880051
0
0.00491333
-0.131111
-0.0668259
0
-0.00939941
-0.900726
-1.46005
-0.00357056
-0.0413055
-0.121735
-1.94096
-0.131912
-0.00973511
0
-0.234558
0
-0.0039978
0
-0.006073
-0.0325317
0
-0.0475159
-0.173248
-3.00934
-0.0290222
-0.00253296
2.9129
-1.36627
-0.242035
-0.0065918
0
-0.00193524
0
-0.257556
-0.0213108
-0.0908031
0
-0.00222206
-0.000738144
-4.05554
-0.374153
-0.00124359
-0.0195961
0
0
0
-0.678936
0
-3.59517
-0.0536423
0
0
-0.00437927
0
-0.256882
0
-0.0906067
-0.228676
-0.0447083
-0.0125504
0
0
-1.71362
0
-0.228989
0
-0.00384521
0
-0.802002
-2.28247
-1.13818
-0.175385
0
2.71671
-0.36731
-0.18689
0
-0.10791
-0.961304
0
0
-0.0208445
-0.0183468
-0.665663
-2.21042
-0.023922
-1.65409
-0.536697
0
0
-0.378517
0
-0.000190735
0
0
0
-0.0400314
0
-0.143433
-0.0486908
-0.0706024
-0.231651
0
-0.0851593
0
-0.0121384
-4.88545
-0.25975
0
-1.25705
0
0
0
-0.0871735
0
0
-0.00938416
-0.0404816
0
0
-0.112289
0
-0.884918
0.425903
-1.19711
-5.20013
0
-0.82254
0
-0.12326
0
-2.62259
0
-0.0659912
0
0
0
0
-0.0403137
-1.04868
0
0
-0.355705
0
0
-0.157509
0
0
0
-1.24415
0
-0.166481
0
0
0
0
0
0
0
0
0
0
0
0
0
0
0
0
-3.99606
-0.0218506
-1.60657
-0.788818
-0.106873
-1.58878
-0.0274658
0
0
0
-0.191467
-0.140808
0
-0.00741577
-0.00262451
0
-2.31091
-0.0142517
-0.0240479
-0.00479126
0
0
-0.000976562
0
0
-0.937103
-0.00698853
-0.253479
-0.480774
-0.0169067
0
0
0
-0.745445
-0.188393
0
-0.0936661
0.758705
0
-0.0903702
0
0
0
-0.197372
0
0
-0.0522995
0
-0.193069
0.181473
0
-0.00392914
0
0.847549
0
-0.00917816
0
-0.378464
-2.82618
-0.384796
0
0
-3.40192
0
0
-0.420685
0
-0.069458
0
0
0
-0.0138245
0
0
0
1.10077
-0.00152588
0
0
0
0
-0.000152588
-0.310326
-1.21698
0
-0.460297
0
-0.0472717
-0.00174332
-0.0296478
0
0
0
-0.0605469
-0.07164
-0.150864
-0.00695801
0
-0.00961304
0
0
0
-0.127312
0
0
0
0
0
0
0
0
0
0
-0.0739288
0
0
0
0
0
0
0
-1.18169
0
-0.062851
0
-0.0375214
-0.000595093
0
-0.0250549
-0.00366211
-0.123947
0
-0.32489
-3.29576
-0.20134
-0.163788
-0.169128
0
-0.0998535
-0.0504456
-0.930542
-0.572662
-0.000213623
-0.0290222
-2.7074
0
0
0
0
0
0
0
-0.372673
0
0
0
-0.074913
-0.000411987
0
0
-0.288246
-0.00287628
0
0
0
0
0
0
-0.252342
0
0
0
0
0
0
0
1.67558
0
0
0
-0.00177002
0
0
0
-0.143097
-0.17511
-1.60995
-0.00247192
-0.00167847
-1.86063
0
-2.15428
-0.327866
-0.0045929
-0.339035
-0.585663
0
-0.159698
-0.0751648
-1.37436
0
-0.00100708
-0.0446777
-0.0281067
0
-0.00244141
0
0
0
-2.92957e-05
0
0
-0.0160877
-0.00197124
0
-1.09317
-1.0719
-3.75464
-0.316147
-0.525436
-0.0986176
-0.000640869
0
-0.00125122
-0.00244141
-0.237244
-0.00222778
-0.0125427
-0.945526
0
0
0
0
0
0.000610352
0
0
-0.0318306
-0.0012694
-0.0198571
0.00310016
-0.00955987
-0.0417542
0
-0.000883579
-0.00747395
0
0
-0.0289917
-0.702194
-0.0198059
-0.195648
-0.0569763
-0.00220597
0
-0.0615387
-0.0237732
0
0
-0.00476074
0
0
0
0
-0.000274658
0.28775
-0.000610352
-0.000671387
-0.00225449
-0.00137925
-0.000362873
0.344778
-0.00207233
0
0
0
0
-0.000961304
-0.00125122
-0.451553
-0.0915833
-0.597198
-0.25865
0
2.88115
-0.707303
1.55327
-0.0509634
-0.0355997
-0.492516
-1.3273
0
0
-0.929916
-0.00527191
0
0
-0.362701
0
-0.283981
0
-0.00158691
-0.00038147
0
0
-0.00108337
-1.25182
-1.23729
-1.65755
-0.322205
0
0
-4.23892
-1.7269
0
-6.46217
0
-1.24026
-0.00588989
7.02493
-0.230713
0
1.06366
-0.784546
0
0
-0.261444
4.83124
-0.490692
0
0
0
0
-0.00210571
-0.00448608
-0.0520935
0
-0.810516
-0.861938
-0.0401001
0
-0.179721
-0.00362587
0
0
-0.0681353
-0.0256166
0
0
-0.00112534
-0.309521
-0.00285339
-0.149574
0
0
0
-3.29614
0
-2.2036
0
0
-0.00198364
-0.0114594
0
-0.0729218
0
-0.000350952
-0.00038147
0
0
0
0
0
0
-0.0136719
-3.17267
-0.116852
-0.19989
0
-0.111938
-0.113495
-0.210419
0
-0.0197449
-0.164185
7.89139
0.247803
-0.0675659
-0.131683
0
0
-0.0690613
-0.0640259
0
0
0
0
-0.00439453
0
-0.00485229
-0.0160522
-0.331238
-0.746887
-0.141266
0.0408984
-0.875542
-0.0395203
0
0
0
-1.4151
0
0
0
-0.0323334
0
0
-0.00137329
0
0
-0.003479
0
0
-0.00384521
0
0
0
0
0
0
-0.0683136
0
0
-0.00244141
0
-1.32059
0
0
0.259735
-0.0419006
-0.371796
-0.0463867
-0.28714
-0.397827
-0.0727303
-352.917
-0.0675209
0
0
0
0
0
0
0
0
0
-2.08688
-0.0342407
-0.0690613
-0.251068
-0.297352
-4.36484
0
0
0
-0.00796509
-0.059906
0
0
0
0
-3.53241
-0.177948
