Number of keypoints: 9147
0
-0.00282812
-0.0416104
-0.00658894
0
0
0
0
0
-0.00369263
-0.392448
-1.35117
-1.80786
0
0
0
0
0
0
0
-0.210205
-0.596344
0
0
0
-0.374969
0
-0.0692291
0
-0.0014801
-0.000564575
0
-0.00706482
-0.27121
9.3038
-0.00804138
-0.0686035
-12.9636
-0.000274658
0
-0.118286
0
-0.000671387
0
0
-0.00152588
-1.91107
-0.977386
0
-0.326538
0
0
-0.013916
-0.000915527
-0.265778
0
0
-0.120677
-0.000886917
-0.00958586
-0.0366592
-0.0455508
-3.18381
-0.0103517
-0.72273
-0.0295601
-0.170835
-1.01763
0
-2.82832
-0.0032959
0
1.44325
-0.479019
0
-0.00841522
0
-0.00260925
-0.0146637
0
0
0
0
0
-0.176819
-0.94075
-0.30751
2.39998
0
-0.0127563
0
0
0
-0.00927734
0
0.330769
-0.00935364
-0.0927582
-0.0184784
0
0
0
0
-0.00253296
-0.0187988
