Number of keypoints: 12093
-0.00185013
-0.0136986
-0.00518799
-0.38105
-1.41493
-0.00948334
-0.268127
-0.181786
0
0
-0.00766754
-0.00344086
-0.553795
-0.337425
-0.310097
-2.25784
-0.0396194
0
-0.127296
-0.682251
-0.0461502
0
-0.0241547
0
-0.0225372
0
0
-0.784576
-0.0456848
0
0
-0.988892
0
0
0
-0.00839233
-0.0101929
0
0
0
0
0
0
-2.2204
-0.00427246
0
-0.000244141
-0.0310974
4.65927
-0.0715027
-0.00408936
0
-1.05023
-0.00244141
-0.348785
-0.00460815
0
-0.00436401
-0.716431
-0.257782
-0.316925
-1.52164
-0.081543
-0.169884
-0.52903
-0.215828
-0.00476837
0
0
0
-0.00898743
-0.761314
0
0
-0.321526
-0.0175552
-0.00218201
-1.12955
-0.339142
-0.0171814
-0.0159149
-0.138046
-0.312576
-1.91548
-0.933395
0
0
-0.00439453
-0.0117188
0
0
-0.000854492
-0.0969543
0
-3.16586
1.98465
-0.000640869
0
-1.00369
-0.0027771
-0.00680542
-0.863434
-0.0015564
-0.763092
0
-0.246307
-0.0293274
-0.00543213
-0.1091
-0.0657959
-0.939423
-0.102905
-0.0278702
-1.11478
-0.504097
-0.719688
0
-0.0155334
0
-0.284424
0
0
-1.12228
-0.0447388
-0.000350952
-0.0784149
-0.449982
-0.0660553
-0.00732422
-0.145035
-0.0108185
-0.0705261
-0.0546112
-0.241516
-0.0443268
-0.453766
0
0
0
-0.0461426
0
0
-0.323486
-0.459778
-0.0604858
-0.000396729
-0.00170898
-0.00279236
-0.0107117
-0.347717
-0.0235291
-0.0539398
0
-0.000106812
-0.0183716
-0.0439301
-0.00454712
-0.209259
-0.100418
-0.101303
-0.0550079
-0.255676
0
