Number of keypoints: 10542
0
-0.514763
-0.013607
0
0
-0.300278
0
-0.00662231
-0.00268555
-0.153152
0
-0.0341568
-0.0149078
-0.276062
0
-0.00147247
0
-0.35894
-0.236046
-0.846252
-0.351616
-0.826225
0
-0.0055542
0
-0.136131
0
0
0
0
-0.258347
0
0
0
0
-0.0294495
0
-0.00195312
0
0
0
0
0.168274
0
-0.00552368
0
0.309601
-0.0958862
0
-0.121918
-0.00396729
0
-3.76605
0
0
0
0
0
-4.06997
0
-0.866013
-0.00351715
-0.16774
0
0
-0.00253296
0
-7.62939e-05
0
-0.0111008
0
-0.00112915
-0.00811005
1.53175
-2.85505
0
-0.0350113
-0.05513
-0.0251312
0
0
0
0
0
0
-0.17601
0
-0.00106812
-0.001297
-0.0891113
-0.117935
-0.397842
-0.133041
-0.0110779
0
0
-0.0085144
2.65466
5.89508
0
0
-1.80292
-0.0582275
