Number of keypoints: 18110
0
0
0
0
-0.0244675
0
0
-0.0239334
-0.217697
0
0
0
0
0
-1.24399
-0.516327
0
-0.241417
-0.0202332
0
-0.00733948
0
0
0
0
0
0
0
0
0
0
0
0
-0.117279
0
0
-0.0175476
0
0
0
-0.0255737
-0.00506592
0
-0.0291443
0.0654984
0
-0.0157318
-0.0016098
-0.0359344
0
0
0
-0.0485535
0
0
0
0
0
0
-0.0285645
0
-0.271454
0
-0.0209846
0
0
-0.13105
-0.0204849
0
-0.78627
0
0
0
-0.0135193
0
-0.335663
-0.109344
-0.00900269
-0.0603027
-0.00253296
0
-0.00357056
-0.0145264
-0.0141907
0
0
-0.0875244
0
0
0
0
0.0055542
0
