Number of keypoints: 10013
-353.37
-0.00173771
-0.0101147
-1.16322
-2.1772
-0.13818
-0.00580215
-0.0113363
-8.89071
-0.00537682
-0.0145397
-0.0832424
-0.134048
-0.0252914
0
0
-0.0168533
-0.0118179
-0.343124
-0.263245
0
-0.603668
-1.73968
-0.310402
0
-0.40094
-0.693054
-0.829102
-0.0246887
3.91756
-1.53925
-1.06635
-0.889633
-0.14653
1.52605
-0.527435
-0.274536
-0.00486755
0.472473
-3.25844
-2.32552
-0.0785675
-0.514862
-4.84047
-0.0802002
0
-0.830063
-0.766724
-0.189392
-0.900238
0
-0.0249329
-0.0224609
-1.1908
0
-0.737013
-0.803291
-0.848557
-0.0748978
-0.0300674
0
-0.00315857
2.13238
-0.028862
-2.41342
-0.112335
-0.000427246
-0.0733948
-0.0175781
-0.0078125
-1.21672
-4.94797
0
-0.0652313
-0.387665
0
0.853989
1.46692
-0.752975
-7.1989
-0.000274658
-0.27095
-1.55916
-0.0209808
0
-0.00572205
-2.43849
-0.841614
-0.147217
-0.0479584
5.69611
-0.621368
-0.000305176
0
-0.0012207
-0.00363159
-0.0566406
-0.0067749
-5.19818
