Number of keypoints: 12222
0
-0.00335503
-0.00127411
0
0
-0.0458088
-0.0879135
-0.0345955
-0.000270844
0.267265
0
0
-1.82001
-0.00841141
-0.0314331
0
-0.0296364
-0.00521088
0
-0.0456772
0
-0.984898
-0.198532
0
0
0
0
0
0
0
0
0
0
-0.00571442
-0.728691
-0.429741
0
-0.0629349
-0.0430756
-0.299614
-0.795723
0
-0.353119
-0.258003
0
0
0
0
-0.00209045
-0.00488281
0
-0.0200958
0
-0.0997467
-0.0443115
0
-0.0951843
-0.0777893
0.927994
-0.103714
-0.285568
0
-0.227005
0
-0.00839233
0
0
0.00537109
2.26787
0
-0.00328064
0
-0.0123291
-3.43936
-1.15598
-0.401306
-0.00778198
-0.00213623
-0.00311279
0
0
0
0
-0.176748
0
0
0
-0.00345612
0
0
-2.02104
0
-0.436516
0
5.54847
0
-1.81302
0
0
0
-0.00144196
0
0
0
1.948
-0.0135651
0
0
-0.0443726
0
0
0
-0.547676
0
0
-0.0148468
-0.0746002
-0.0156555
-0.000961304
-0.0984192
-0.0161591
0
0
-0.00012207
-0.00498962
0
0
-0.163879
0
-0.633896
-0.18689
-0.763336
-0.00415039
-0.799988
-0.41243
-0.151306
0
-0.18573
-1.32117
-0.013855
-0.724792
-0.0194397
0
-1.85767
-0.749664
-0.026001
-0.138123
0
0
0
-0.00424957
0
0
0
0
0
-0.444565
-0.199081
0
-0.560883
-0.602249
-0.075058
-0.00753784
-0.00891113
-0.232574
0
-0.0589905
