Number of keypoints: 10579
0
-0.000152588
-0.310326
-1.21698
0
-0.460297
0
-0.0472717
-0.00174332
-0.0296478
0
0
0
-0.0605469
-0.07164
-0.150864
-0.00695801
0
-0.00961304
0
0
0
-0.127312
0
0
0
0
0
0
0
0
0
0
-0.0739288
0
0
0
0
0
0
0
-1.18169
0
-0.062851
0
-0.0375214
-0.000595093
0
-0.0250549
-0.00366211
-0.123947
0
-0.32489
-3.29576
-0.20134
-0.163788
-0.169128
0
-0.0998535
-0.0504456
-0.930542
-0.572662
-0.000213623
-0.0290222
-2.7074
0
0
0
0
0
0
0
-0.372673
0
0
0
-0.074913
-0.000411987
0
0
-0.288246
-0.00287628
0
0
0
0
0
0
-0.252342
0
0
0
0
0
0
0
1.67558
0
0
0
-0.00177002
0
0
0
-0.143097
-0.17511
-1.60995
-0.00247192
-0.00167847
-1.86063
0
-2.15428
-0.327866
-0.0045929
-0.339035
-0.585663
0
-0.159698
-0.0751648
-1.37436
0
-0.00100708
-0.0446777
-0.0281067
0
-0.00244141
0
0
