Number of keypoints: 9939
0
-2.92957e-05
0
0
-0.0160877
-0.00197124
0
-1.09317
-1.0719
-3.75464
-0.316147
-0.525436
-0.0986176
-0.000640869
0
-0.00125122
-0.00244141
-0.237244
-0.00222778
-0.0125427
-0.945526
0
0
0
0
0
0.000610352
0
0
-0.0318306
-0.0012694
-0.0198571
0.00310016
-0.00955987
-0.0417542
0
-0.000883579
-0.00747395
0
0
-0.0289917
-0.702194
-0.0198059
-0.195648
-0.0569763
-0.00220597
0
-0.0615387
-0.0237732
0
0
-0.00476074
0
0
0
0
-0.000274658
0.28775
-0.000610352
-0.000671387
-0.00225449
-0.00137925
-0.000362873
0.344778
-0.00207233
0
0
0
0
-0.000961304
-0.00125122
-0.451553
-0.0915833
-0.597198
