Number of keypoints: 10586
0
-0.10268
0
-0.076767
-0.767708
0
-0.140953
0
-0.0393219
0.299927
0
-3.53609
1.00838
-1.21068
0
0
-0.0014267
-0.11554
0
-0.0120926
0
-0.0200348
0
0
0
-0.00741577
-0.189728
-0.0100098
-0.0433655
-1.06238
0
0
0
-0.0813904
-2.12796
-1.23337
0
0
-0.287689
0
-0.0163631
-7.31296
0
-3.8147e-06
0
-0.114204
-0.100456
-0.0697479
0
0
-0.0521088
0
0
-0.273224
-0.661552
0
-0.024147
-0.085144
0
-0.361237
0
-0.0184479
0
0
0
-0.0372925
-0.589874
-3.34955
-0.601837
0
-0.608246
-0.00875854
-0.00106812
0
0
0
-0.0101929
