Number of keypoints: 14418
0
-0.00133705
-0.216063
-0.000682831
-0.0474186
-2.57191
-1.19275
-0.0248642
-0.108269
-0.25618
-0.82943
-0.32618
-0.983871
-0.14637
-0.0176468
-0.102112
-2.54338
1.14895
-0.000152588
-0.060791
-0.0015564
-0.00231934
-5.07863
-0.0405731
-0.00479126
2.48643
-7.99089
-2.92119
-1.73965
-1.16882
-0.75705
-0.0704651
-0.436005
-1.306
-0.941711
5.2808
0
-0.000457764
-0.182045
-0.422768
-0.490463
-0.039444
0
0
0
1.3436
1.96548
2.30054
-0.596405
-0.0744629
-0.0354004
-0.152985
-0.278931
-0.326813
-1.79965
-0.728546
-0.0252686
-0.375519
