Number of keypoints: 9454
-0.00646817
-0.00512831
0
-2.57185
-0.0492526
-0.0125012
0
-0.00733531
-0.303014
0
-0.322427
-0.0315647
0
-0.393082
0
-0.00652313
-0.0708332
-0.00962353
-0.000134468
-0.0535288
0
-0.0870895
-0.0614691
-0.00184917
-0.00562668
0
0
0
-0.0181313
-0.00699615
-0.145601
0
0
0
-1.03675
-0.333542
0
0
-0.0433197
-0.0147781
-0.00714111
-0.187675
-0.0311813
0
-0.0313721
0
0
-0.0987549
-0.00706482
0
-0.661484
-0.0420532
0
0
-0.00680542
0
0
-0.0705872
0
0
-0.0492859
-0.208649
0
0
-0.000305176
-0.0310059
-0.067749
-0.345398
-1.27057
-0.0229797
0
0
-0.00260925
-0.778793
-0.430634
0
0
0
-0.0462036
0
-0.104034
0
0
-0.00653076
0
0
0
-0.154922
0
-0.0656281
-0.552261
-0.0235901
-0.00126648
-0.301636
-0.0145874
0
0
-0.474152
-0.00134277
-0.000717163
-0.0388336
0
-0.100174
0
-0.00984192
0
-0.617477
-0.219376
-0.0214844
-0.0569458
-0.00567627
-0.130081
0
-2.155
-0.00154114
0
0
0
0
0
0.82634
0
0
0
0
0
0
0
0
0
0
-0.864426
0
0.00175476
-0.222992
0
0
-0.106445
-0.973572
-0.673065
-0.000213623
-0.787292
0
-0.000183105
-0.0133667
0
-1.09024
-0.537689
-0.00344849
0
-0.115784
0
0
0
0
0
0
0
0
0
0
0
0
0
0
0
0
0
0
1.0318
-0.0952454
0
-1.12204
-0.00466919
0
-0.00463867
-0.000671387
-0.0216675
-0.00149536
-0.00357056
-0.00128174
-0.00524902
-0.00164795
-0.0027771
-0.395172
-0.00296021
-1.06314
-0.000183105
-0.0112
-0.00457764
0
-0.00149536
-0.00106812
-0.0325012
-0.0204773
-0.652771
-0.117889
-0.0732117
-0.10199
-0.465881
-0.289337
0
-0.0782166
0
-0.000976562
-0.00192261
0
-0.214325
0
0
-0.0300293
0
-0.930939
-0.0538635
-359.855
0
-0.0146618
-0.0290234
0
-0.0103517
-0.0103517
-0.0945525
0
-0.22332
0
0
-0.000638008
-0.65203
-0.0218487
-0.0375433
0
-0.0984726
-1.28211
0
0
0
-0.374252
-0.204369
-0.660759
-0.045433
-0.0142269
0
-1.85815
0
0
-0.919426
-0.173286
-0.0526123
-0.460686
-0.17791
0
-0.000228882
0
1.07152
-4.57764e-05
-0.00880432
-0.00274658
-0.05513
0
0
0
-0.262741
-0.0198212
0
0
-0.645172
-0.217972
0
-0.169785
-2.00203
0
-0.00845337
-0.0137787
0
-0.133194
0
0
-0.062973
-0.0790253
-0.0252686
-0.0010376
-0.141998
0
0
-0.0142517
-0.0038147
-0.190323
-0.0198517
0
0
-0.117844
0
0
-0.0915527
-0.0139923
0
0
2.38837
-0.616074
-0.165237
0
-0.00788879
0
0
0
-0.0697327
0
0
-0.116623
0
0
0
-0.00100708
0
-0.00163269
-0.000640869
-0.000335693
0
0
0
-0.0540924
-0.00151062
0
-0.00239563
0
-0.0113678
0
0
0
0
0
0
0
-0.11644
-2.07745
0
-0.0561523
-0.0567017
-0.0826721
-0.04953
0
-0.532715
-1.35754
0
0
0
0
-0.505554
0
0
0
0
0
-0.676361
0
-0.0508728
0
0
-0.256653
-0.000152588
0
-0.00146484
0
0
0
0
0
0
-0.15033
0.944458
-1.65289
0
-0.00939941
0
-0.00814819
-0.396362
-0.00860596
-0.0139771
-0.00210571
-0.00952148
-0.00262451
-0.0623474
-0.0486755
-0.0367737
-0.00238037
-0.00595093
-0.776428
-0.00537109
-0.0057373
-9.15527e-05
-0.00668335
-0.00299072
-0.0112305
-0.146393
-0.0466614
-0.0258179
-0.00271606
-0.266724
-0.00268555
-0.015686
0
-0.681091
0
-0.00012207
-0.0152283
-0.00997925
-0.0115967
0
-0.0012207
0
0
-0.00338745
-0.256927
0
-0.0414734
