Number of keypoints: 11534
-0.270319
-358.686
0
0
0
0
-2.91524
0
-0.0327072
-0.0989532
-0.060051
-0.352287
0
0
-0.0686874
0
0
-0.0257721
-0.000350952
0
-0.136772
0
0
-0.325256
0
0
1.34235
0
0
0
-0.508652
-0.729492
-1.67465
-0.000396729
0
-0.0830536
-0.0880737
0
0
-0.00280762
0
0
-0.0562744
0
-0.0299988
-0.0213623
-0.197449
0
-0.0513916
0.0342407
-0.033783
0
-0.18457
0
0
-0.000579834
-0.03479
-0.0308838
-0.00561523
-0.0335693
0
-0.102203
0
-0.0400391
-0.00109863
-0.614838
-1.81754
-0.00265503
-0.00482178
-4.12739
0.32321
-0.3541
0
0
-0.857237
-0.298874
0
-0.695332
0
-0.250534
10.445
0
-0.503044
0
0
0
0
-0.113213
-0.0130768
-0.122505
-0.106201
-0.256409
-0.00302887
-0.0514755
0
-0.0968628
-0.10321
-0.00360107
0
0
0
-0.000976562
0
-0.134491
-1.19836
-0.450043
-0.199463
-0.0289307
0
-0.0144043
0
-0.00210571
0
0
-0.24234
-0.0475464
-0.0870056
0
-0.071167
-0.0293884
0
-1.86575
-0.00012207
-0.039856
-0.0203552
-0.0353699
