Number of keypoints: 11187
0
-0.000234544
-0.00261347
0
-0.00190827
0
0
0
0
0
0
-0.516478
0
0
0
0
0
0
-0.00109792
0
0
0
0
0
0
0
0.990144
0
0
-0.00122499
0
0
0
0
0
0
0
0
-0.0539856
0
0
-0.000137329
-0.00922394
0
-0.175873
-0.694077
0
0
0
0
-0.0414505
0
2.02864
-0.00100708
-0.0520554
0
0.0672455
-0.153786
-0.00164032
-0.526344
0
-0.0057373
-0.121124
-0.0754852
-0.288307
-0.0840836
-0.160469
-0.0264435
0
-1.32597
0
-0.628502
-0.119987
0
-0.619736
-0.00626373
0
0
0
-0.000671387
0
-0.157196
0
0
0
-0.026062
0
-1.18628
0
0
0
0
0
0
0
0
0
0
0
0
-0.679596
0
-0.281647
0
-0.637939
0
0
0
0
0
-0.000366211
0
0
0
-1.69281
0
-0.0903778
0
0
-0.271088
0
-0.0310974
-1.23114
0
-0.00427246
-0.000305176
-0.00839233
0
0
0
0.285217
0
0
-0.503143
-0.00283813
-0.00735474
0
-0.00552368
-0.0380554
-0.00552368
-0.094635
-0.00790405
-0.0692139
-0.00378418
-0.349854
-0.00280762
-0.0120544
0
-0.0144043
-0.00250244
-0.140961
-0.00128174
-0.00640869
-0.00088501
-0.00759888
-0.442139
0
-0.212128
-0.00454712
0
0
-0.000732422
-0.0466614
0
-0.00149536
-0.0176697
-0.00299072
-0.00701904
0
-0.015625
0
-0.00646973
-0.000183105
0
-0.237305
-0.00167847
-0.560455
-0.00744629
0
-0.0265808
-0.0125427
-0.154327
0
0
-0.0106812
0
-0.288849
-0.416229
0
-0.331787
-0.178925
-0.00668335
1.85199
-0.0224609
-0.00952148
-0.281677
-0.00320435
-0.0902405
0
-0.727875
-0.565491
-0.000488281
-1.83481
-0.0746765
-0.206665
-0.0112305
-0.430511
-0.0177002
-0.0299988
-0.0111389
-0.0487061
-0.0196838
-0.0392151
-0.00680542
0
-0.18454
0
-0.0131531
-0.633453
-0.0998535
-0.97287
-0.0125427
-0.0627136
-0.12204
-0.0874329
-0.000823975
-0.568939
-0.313141
-0.0353699
0
0
0
-0.00158691
0
-0.00512695
-0.781403
0
-0.00775146
-0.00631714
-0.00305176
-6.10352e-05
0
0
-0.00662231
-0.00735474
0
0
0
-0.00236678
0
0
0
0
0
-0.000604033
0
0
0
0
0
0
0
0
0
-0.0415344
0
0
0
0
-0.0378036
-0.000106812
-0.0163956
1.60931
-0.499107
0
0.0165329
0
0
-0.0679703
0
-0.00595093
-0.00199127
-0.00222778
-0.341354
1.1872
-0.166344
-0.0552979
-0.306686
0
-0.154243
-0.401421
-0.209534
1.88654
0
-0.0999603
0.84613
0
0
-3.515
0
0
0
0
0
-0.00250244
-0.103027
-0.00270081
0
-0.00650024
0
-0.00630188
-0.000823975
-0.00215149
0
0
0
-0.00137329
-1.87408
-0.433304
-0.717087
-0.049408
-0.363373
0
0
0
0
-0.123718
-0.0241394
0
0
-0.0128937
-0.0219269
-0.00411987
0
-0.046402
0
0
-0.111237
-1.03603
0
0
0
0
-0.24025
0
-0.20668
-0.0830231
0
-1.17989
0
0
-0.166748
0
0
-3.76614
-0.203491
0
0
-0.591522
-0.239868
-0.0546265
0
0
0
-0.00402832
-0.0071106
-0.635681
-0.0638428
-0.28299
-0.00430298
0
0
0
0
-0.0254822
-0.00012207
-0.0319824
-0.00109863
-0.00268555
-0.0133057
0
0.100891
-0.0226746
0
-0.111938
-0.117859
-0.00213623
1.77682
-0.550415
0
0
-0.061554
-0.00726318
-0.260529
0
-0.000244141
0
0
-0.0192566
1.52676
-0.0222473
-0.267487
0
-0.00537109
-0.0039978
0
0
-0.00497437
-0.00454712
-0.671753
-0.010498
0
-0.00622559
-0.00128174
-0.0161438
-0.0469971
-0.00308228
-0.00534058
-0.0600586
-0.000671387
-0.0155945
-0.350708
-0.00772095
-0.0643311
-0.0382385
-0.0105286
-2.41241
-0.113678
-1.48682
-0.000335693
-0.000152588
0
-0.00561523
0
-0.015686
-0.445282
-0.0281982
-0.0369873
-0.995911
-0.201782
-0.0931702
-0.0317078
-2.64157
-0.00772095
-0.0174866
-0.000732422
0
-0.000854492
-0.00891113
-0.0111389
-0.00286865
-0.000366211
0
-0.0426941
-0.141388
0
