Number of keypoints: 12440
-359.313
-0.497817
-0.82238
-0.0403519
-0.053421
-0.984406
-0.0454254
-0.13382
0
0
0
0
0
0
-0.310654
-0.0925293
0
-0.0181885
0
-0.0652161
-0.344467
0.918793
-0.00186157
0
0
-0.539841
0
0
-0.182602
0
0
-0.000671387
-0.0816193
0
0
-0.00578308
-0.0478821
-0.00979614
-0.00369263
0
-0.127075
0
0
0
0
0
-0.146057
-2.33762
0
-0.000762939
-0.00177002
0
-1.34436
0
-0.263062
0
0
-0.138336
0
0
0
0
-0.0463257
-0.000457764
-0.116516
-0.0118718
0
0
-0.167786
-0.708954
-0.173828
0
-0.0799103
1.2728
0.139984
0
0
-0.0087738
0.287613
-0.023407
-0.0235596
0
0
-0.00166321
0
-0.000228882
0
-0.0804138
0
0
0
0
0
-0.508636
-0.465179
-0.0614624
0
0
0
4.25934
0
-2.92032
0
-0.0144348
-1.77695
-0.0324097
-0.616302
0
0
-0.000183105
-0.337646
-0.0804138
0
-0.0628052
-0.0209351
-0.0147095
-0.0761108
-0.0105286
-0.023407
-0.851288
-0.849457
-0.586243
