Number of keypoints: 10894
-0.036888
-0.0303464
0
0.0555707
0.372087
-0.0890216
0
-0.0293207
-0.457326
0
0
-0.311435
-0.0106468
-0.0884171
-0.00551605
0
0
0
0
0
-0.00050354
-0.000762939
-0.0244446
-0.00280762
-0.169159
-0.00688171
0.669556
0
0
0
-0.126511
-0.00363159
-0.019165
-0.0135803
0
0
-0.144562
0
0
-0.00805664
0
-0.00190735
0
0
-0.326965
0
0
0
-1.50729
-0.018219
-0.0803833
-0.015564
0
-0.20459
-0.00213623
-0.520721
-0.0987549
0
-0.000488281
-0.014679
-0.00384521
-1.18604
3.25034
-0.216278
-0.241913
-0.411987
-0.0110779
-0.000854492
-0.0101929
-0.0250244
-0.0072937
-0.131317
-0.00348625
-358.827
-0.0203912
-358.324
-0.00228786
0
-0.197139
-0.000676394
-0.0216053
-0.0467112
-0.0984406
0
0
0
-0.129387
0
0
-0.0260162
0
0
0
-0.0186768
-0.00941467
-0.054184
-0.881989
0
-0.0146027
-0.578659
0
0
0
-0.0521545
-0.0179291
0
-0.000686646
-0.0591278
0
0
0
-0.0472412
0
0
-0.0283966
-0.109329
-0.0019989
-0.397812
0
0
0
0
-1.59769
-2.21719
-0.0015564
0
-0.0045166
0
-0.0327759
-0.0114136
0
-0.0093689
0
-0.0174561
-0.022583
-0.0988464
0
-0.314178
-0.0316162
-0.000823975
-0.181641
-0.461029
-0.0179749
-0.00128174
-0.0106506
0
0
0
0
