Number of keypoints: 16847
-0.936195
-1.9749
-0.00409698
-7.3851
-0.227768
-0.0311737
-0.00141907
-0.00087738
-0.000289917
-0.00548553
1.12471
-0.0113373
-0.0122986
-0.0179291
-0.000549316
0.989143
-0.110909
-0.564934
-2.23166
-0.0152435
-0.00180054
0
-0.0286255
-0.00541687
-1.73868
-0.115967
-0.0273743
-0.020813
-0.00341797
-0.0391846
-0.0206299
-0.00119019
-0.048645
-0.0499268
-0.00537109
-0.157928
0.860291
-0.349915
0
-0.120728
0.91272
-0.043396
-2.40439
-2.02426
-1.98187
-0.239319
0
-0.0592499
-0.0396042
-0.0129852
-0.0566254
-0.00966644
-0.107712
-0.028801
-0.298218
-0.00547791
-0.0079422
-0.0103378
-0.0286484
-0.0706635
-0.155174
-0.0246201
-0.0272827
-0.000709534
-0.00567627
0.892723
-1.29123
-0.137329
-0.09021
-0.0961761
-1.21832
-0.0253754
-0.721848
-0.0519409
-0.95134
-0.0114441
-0.25798
-0.00328064
-0.00405884
-0.032074
-0.00543213
-0.328949
-0.00357056
-0.00271606
-0.0256958
-0.0101318
-0.141846
-0.0104675
0.0926819
-0.111938
-0.00158691
-0.515686
-0.00222778
-0.0184937
-0.0112915
-0.0183411
-0.0821228
-0.0528259
-0.0381165
-1.24405
-0.114319
0
0
0
