Number of keypoints: 10149
-0.648376
0
0
0
-0.116638
-0.000236511
-0.00332642
0
0
0
0
0
0
0
0
0
0
0
0
-0.000656128
0
-0.000442505
-0.0326385
0
0
-0.456085
-0.2202
-1.33273
0
-0.0534363
0
0
0
-1.26123
-3.54987
0
-0.0172424
0
0
-1.33722
0
-0.065033
0
-0.0784912
0
-0.000274658
0
0
0
0
-0.0099411
-1.15483
-1.03738
-0.156334
-0.128616
0
-0.604301
-0.00242615
0
0
0
0
0
-0.000663757
0
-0.000915527
-0.10405
-1.55464
0
0
-0.211807
0
0
0
-0.502228
-0.00305176
0
0
0
0
-0.00050354
-0.00126648
-0.003479
-0.00158691
-0.987122
-1.34435
0
0
-1.196
-0.0216217
0
0
0
0
0
0
-0.04245
0
0
-0.00146484
0
0
