Number of keypoints: 9614
0
-355.288
-0.00198364
0
-0.275555
-0.0215187
0
-0.150291
-0.229961
-0.0532761
0
-0.0082016
-0.477211
-0.0340118
-0.0291061
-0.059082
-0.0517426
-0.242142
-0.0909958
0.938797
-1.85646
-0.00038147
-0.00012207
-0.014389
-0.00273132
-0.00601196
-0.109848
0
-0.00311279
-0.183899
-0.0208435
-0.0185852
-2.78482
-0.00891113
-0.314728
-0.0136108
-0.495209
0
-0.000915527
3.14676
-0.202789
-0.0508728
0
0
0
0
-0.0755768
-0.784203
-0.685814
-0.849197
-0.0289841
-0.20475
-0.0209885
-4.57764e-05
-0.0680695
-0.000350952
-0.100342
-0.0140381
-0.92923
-0.000366211
-0.499176
-0.0824585
0.0658264
-0.00335693
-0.147278
-0.315247
-0.0750427
-0.00613403
-0.11026
-0.536072
-0.00613403
-0.00585938
-0.00128174
0
-1.0625
