Number of keypoints: 9853
0
-1.45901
0
0
-0.0731239
0
-0.247803
-1.73991
-0.47171
0
0
-4.48685
0
0
-0.0149536
0
-0.326889
0
-0.00405884
-0.299332
-0.00318909
-0.16098
0
-1.51596
0
-0.24292
0
-0.629547
-0.0321045
-0.00653076
-0.317902
-0.406158
0
0
0
-0.00183105
-0.488159
-0.000701904
0
0
-0.7435
-0.36908
0
0
0
0
-2.33997
0
2.23642
0
1.63986
0
0
-0.546173
-0.138245
0
0
-0.000946045
0
0
-0.000244141
-0.0748291
-0.263336
0
0
-0.00140381
0
4.3429
-0.000854492
0
0
0
0
0
-2.40485
0
-0.0787048
0
-0.0125122
0
0
0
0
0
0
0
0
-2.16492
0
0
0
0
0
0
0
0
0
0
-0.0290527
-0.634796
0
0.0451202
-0.690231
-0.444611
0
0
0
0
-1.12244
-0.00152588
-0.0865479
0
0
-0.154449
0.565369
0
0
0
0
0
2.93311
-2.47552
0
-1.22351
0
-2.07861
1.40079
0
-0.0733337
0
0
-0.0495605
0
-5.14297
0
0
0
0
0
0
-0.0592957
-0.00180054
0
0
-0.617004
0
0
-0.0421753
3.15518
0
