Number of keypoints: 7770
0
0
-0.0975552
0
0
-2.24222
0
0
0
-0.00482941
0
-0.151009
0
0
0
0
-0.30497
1.71178
0
-0.0923233
0
0
-0.982101
-0.194778
0
-0.0157928
0
0
-0.0884552
0
0.0315704
0
-2.00354
-8.99797
0
0
-0.00088501
0
0
-0.0633087
0
-0.141205
0
0
-0.0538177
-0.000976562
-0.00120544
0
-0.0164337
-0.00105286
-0.875275
-0.882568
0
0
0
-0.107285
-0.00317383
0
0
-0.000549316
0
-0.488403
0
-1.42291
0
0
0
0
0
-0.00134277
0
-1.60535
-1.66068
0
-0.0065918
0
0
0
0
-0.308078
-0.307581
-0.000637054
-0.265312
0
-0.00142288
0
-2.7191
0
0
-0.102051
0
0
0
0
0
0
-0.732285
0
0
0
0
3.80032
0
0
0
-0.0154724
0
-0.00413513
-0.147934
-0.337143
-0.0535583
-0.0150757
0
0
0
0
0
-0.75293
-0.000854492
-1.77864
0
0
-0.12822
-0.0826111
0
0
0
0
0
0
3.74544
-0.0254974
-0.212326
0
0
-0.0368042
0
0
0
0
0
-0.142639
0
-0.0771179
-0.00128174
-0.00564575
0
-0.93219
0
-0.159729
-0.0452576
-2.27756
-0.314423
-0.0227966
0
-0.000854492
0
0
-0.00424194
