Number of keypoints: 9106
-0.25865
0
2.88115
-0.707303
1.55327
-0.0509634
-0.0355997
-0.492516
-1.3273
0
0
-0.929916
-0.00527191
0
0
-0.362701
0
-0.283981
0
-0.00158691
-0.00038147
0
0
-0.00108337
-1.25182
-1.23729
-1.65755
-0.322205
0
0
-4.23892
-1.7269
0
-6.46217
0
-1.24026
-0.00588989
7.02493
-0.230713
0
1.06366
-0.784546
0
0
-0.261444
4.83124
-0.490692
0
0
0
0
-0.00210571
-0.00448608
-0.0520935
0
-0.810516
-0.861938
-0.0401001
0
-0.179721
-0.00362587
0
0
-0.0681353
-0.0256166
0
0
-0.00112534
-0.309521
-0.00285339
-0.149574
0
0
0
-3.29614
0
-2.2036
0
0
-0.00198364
-0.0114594
0
-0.0729218
0
-0.000350952
-0.00038147
0
0
0
0
0
0
-0.0136719
-3.17267
-0.116852
-0.19989
0
-0.111938
-0.113495
-0.210419
0
-0.0197449
-0.164185
7.89139
0.247803
-0.0675659
-0.131683
0
0
-0.0690613
-0.0640259
0
0
0
0
-0.00439453
0
-0.00485229
-0.0160522
-0.331238
-0.746887
-0.141266
