Number of keypoints: 7057
-0.0162714
-0.263573
-0.286389
-0.52649
-4.31672
0.190662
-0.245896
0
0
0
0
-0.00333405
0
-0.512222
0
1.19277
0
-1.43856
-0.00256348
-0.0522003
-0.000732422
0
-0.0390549
0
0
0
0
-1.19725
0
-0.00827026
-0.0137482
-1.88971
0
-0.000762939
-0.000762939
0
-3.11856
-0.376465
-0.104279
-0.108602
-0.166607
0
-0.023643
0.848944
-0.475149
0
-0.486207
-1.51727
0
0
2.09277
0
0
0
-3.45149
-0.0351257
-0.0965958
0
-1.76594
-7.13788
-0.138924
-0.316521
0
-2.54031
-0.0105438
0
-0.0201569
1.48744
0
-0.394852
-0.276917
-0.21312
-0.584595
-0.5336
-0.272064
-0.00878906
0
0
0
0
-0.397095
0
0
-0.254364
0
-0.685394
