Number of keypoints: 6826
0
0
-1.90813
0
0
0
0
0
0
-0.380957
-0.0480938
0
-0.122335
0
0
-0.00136185
-2.11465
0
-0.0952911
0
-0.602238
0
-0.731827
-0.588974
0
-0.21756
0
-1.3815
-0.836418
-0.0308304
0
-0.255928
0
0
-0.0134048
0
0
0
-3.77159
0
-0.0712585
0
0
-0.00184631
-0.00434875
-0.00701904
-3.15742
0
-0.0673676
0
-0.756378
-0.000534058
-0.0152588
0
0
0
-2.21387
0
0
0
0
-1.52348
0
0
11.4223
0
0
0
2.04352
0
0
0
0
0
0
0
0
0
0
-0.0703125
0
-1.6174
-0.0435181
0
0
0
0
0
0
-3.34489
0
0
0
0
-0.212883
0
-0.00933266
0
0
0
-0.017704
0
0
0
0
-0.0834885
0
0
-0.650089
0
0
-0.00239182
-0.00340271
0
-0.000404358
-0.00184631
0
-0.850685
0
-0.749794
-0.0867386
0
-3.55602
8.01462
0
0
-0.0693054
0
0
0
0
0
-0.0832062
0
0
-0.272934
0
-0.00306702
-0.537399
0
-1.26492
-6.41507
-1.01442
-0.000640869
-1.13919
-0.0234375
0
0
0
-4.25352
-8.43982
0
0
0
0
0
-0.249298
-0.604462
1.30949
-1.23468
0
0
0
0
0
0
1.94366
0
0
0
0
-0.0342102
-0.381317
0
-0.324829
-0.949738
0
0
-0.798065
-1.11777
0
0
0
0
0
-0.181885
0
0
-0.0702209
-0.00158691
-1.96918
0
-0.23172
0
0
0
0
0
0
