Number of keypoints: 10924
-0.00912189
-0.0565257
-0.192111
-0.106658
0
0
-0.921204
0
0
-2.09827
-0.0408325
-0.103882
1.06656
-2.61685
-5.40778
0
0
0
0
0
-0.524963
-1.03625
-0.0163116
-0.000274658
0
-1.68414
-0.0176086
-0.000228882
0
-0.010025
0
-0.0411987
-0.00326538
0
-0.0162964
-0.0445862
0
-0.0109711
-0.000480652
-0.0177994
-0.127457
-0.116493
-1.26141
-0.102417
-0.00299072
0
0
0
-0.879564
-0.661911
0
0
-0.00100708
-0.00701141
-0.0117111
-2.22841
-0.0191498
-0.0276642
-0.0512543
-0.0198517
7.31532
-0.0256042
-0.27858
1.007
-0.026413
-0.0170288
0
-0.0286255
-3.70596
-0.312683
-0.141632
0
