Number of keypoints: 10167
0
0
0
-6.33416
0
0.882027
-2.7067
0
-0.0072937
-0.0035553
-1.89788
-0.170906
-1.67312
-0.279602
-0.0295563
-0.263535
-0.368301
-0.166519
0
-0.700089
-0.0630493
-0.00491333
0
0
-0.741547
-0.0108032
-0.0725098
-0.00210571
-0.00332642
0
-0.0576172
-0.815063
-0.206207
0
-0.0210266
0
-4.39218
-0.0888367
0
-0.00204468
-0.0368042
0
-0.0211792
0
0
-0.304825
-7.76493
-0.0199661
-0.0515671
-0.502083
-0.260765
-0.212486
0
-0.258385
-0.0880051
0
0.00491333
-0.131111
-0.0668259
0
-0.00939941
-0.900726
-1.46005
-0.00357056
-0.0413055
-0.121735
-1.94096
-0.131912
-0.00973511
0
-0.234558
0
-0.0039978
0
-0.006073
-0.0325317
0
-0.0475159
-0.173248
-3.00934
-0.0290222
-0.00253296
2.9129
-1.36627
-0.242035
-0.0065918
0
