Number of keypoints: 9113
-0.00193524
0
-0.257556
-0.0213108
-0.0908031
0
-0.00222206
-0.000738144
-4.05554
-0.374153
-0.00124359
-0.0195961
0
0
0
-0.678936
0
-3.59517
-0.0536423
0
0
-0.00437927
0
-0.256882
0
-0.0906067
-0.228676
-0.0447083
-0.0125504
0
0
-1.71362
0
-0.228989
0
-0.00384521
0
-0.802002
-2.28247
-1.13818
-0.175385
0
2.71671
-0.36731
-0.18689
0
-0.10791
-0.961304
0
0
-0.0208445
-0.0183468
-0.665663
-2.21042
-0.023922
-1.65409
-0.536697
0
0
-0.378517
0
-0.000190735
0
0
0
-0.0400314
0
-0.143433
-0.0486908
-0.0706024
-0.231651
0
-0.0851593
0
-0.0121384
-4.88545
-0.25975
0
-1.25705
0
0
0
-0.0871735
0
0
-0.00938416
-0.0404816
0
0
-0.112289
0
-0.884918
0.425903
-1.19711
-5.20013
0
-0.82254
0
-0.12326
0
-2.62259
