Number of keypoints: 14751
0
-0.0830331
-0.079917
-0.113821
0
0
0
0
0
-0.0879288
0
0
0
0
0
0
-0.016449
-0.0187073
0
0
-0.0194092
0
-0.03302
-0.00836182
-0.0971985
0.0899048
-0.10672
0
0
0
0.157959
-0.0553589
0
0
0
-0.0664673
0
0
0
0
0
0
-0.143707
-0.00765991
1.08438
-0.0151672
0
0
0
0
-0.133667
-0.317902
0
-0.0647278
0
-0.149841
0
0
0
0
0
0
-0.173401
-0.0493774
-0.348236
-0.00161743
0
0
0
0
0
-0.0353394
-0.0962219
0
-0.00164795
0
0.205963
0
0
0
0
-0.026886
-0.0337219
0.507233
0
0
0
0
0
0
0
0
-0.289097
-0.00177002
0
0
0
0
0
0
-0.581268
0
0
-0.0662537
0
0
0
0
0
0
-0.0286865
-0.208984
-0.301331
0
0
0
0
0
0
0
0
0
-0.00582886
0
-0.0396729
-0.00543213
-0.340515
-0.0718384
0
0
0
-0.00537109
-0.0623169
0
0
0
0
0
-0.0610657
0
-1.51965
-0.136963
0
-0.0363159
-0.00140381
0
0
-0.0510254
0
-0.0944214
0
-0.038147
0
0.235321
0
0
-0.142456
0
0
0
0
-0.00430298
0
0
0
0
0
0
-0.121826
-0.2854
0
0
-0.00820923
0
-0.0708008
0
0
-0.0681458
-0.0250244
0
-0.383667
0
-0.0365295
-0.0415649
0
0
0
0
0.411407
-0.0528564
-0.475342
0
0
0.350342
0
0
-0.859977
0
-0.177979
-0.172791
0
-0.270599
-0.391113
-0.4646
-0.362244
-0.225403
0
0
