Number of keypoints: 9851
0
-0.0468559
-0.0579071
-1.57211
-1.4726
-0.0923462
-0.000335693
-0.118454
-0.0129852
-0.00964355
0
0
0
-0.00352478
-0.019165
0
-0.465942
-0.857712
-2.02905
-0.0215149
-0.114441
-0.156586
0
0
0
-1.47205
-0.0491943
-0.000305176
-0.00448608
-0.000183105
-0.000915527
-0.924518
-0.0534973
-0.00770569
-0.011795
0.147217
-0.00572205
-1.6523
-0.00357056
-0.000366211
-0.171814
-6.10352e-05
0
-0.0372925
-0.0196228
-0.0391235
-0.00845337
-0.589233
-0.00493336
0
-0.0364685
-0.0563431
0
-0.101089
-1.43774
0
-0.0181885
-0.0178833
-0.00489807
-0.170578
-0.00921631
-0.0085907
0
-0.0164185
-0.00109863
-0.00109863
-0.00238037
0
-0.00518799
0
0
-0.739548
-0.431412
-0.0279846
-0.190857
-0.00170898
-0.0793304
-0.00311279
0
-0.483002
0
-0.465988
0
-0.00138855
-0.0149536
-0.0587158
0
-0.357727
-0.00500488
-3.34103
-0.00701904
-0.340027
-0.31073
-0.0731201
-0.00262451
-0.0251465
-0.492554
-0.403595
0.0170593
0
0
0
0
-1.19931
0
0
-0.164398
-0.000701904
0
-0.0015564
-0.0511129
-0.0124359
-0.179298
0
-0.565742
0
-0.511459
-0.00247192
0
-0.113281
-0.274597
-0.18898
-9.15527e-05
-0.0220947
-0.00233459
-0.0201874
-0.00611877
-0.000335693
-0.0211334
-0.00816345
-0.00151062
-0.00114441
-0.468262
-0.0225983
0
0
0
-0.00463867
-0.0601196
