Number of keypoints: 10888
0
-0.0659912
0
0
0
0
-0.0403137
-1.04868
0
0
-0.355705
0
0
-0.157509
0
0
0
-1.24415
0
-0.166481
0
0
0
0
0
0
0
0
0
0
0
0
0
0
0
0
-3.99606
-0.0218506
-1.60657
-0.788818
-0.106873
-1.58878
-0.0274658
0
0
0
-0.191467
-0.140808
0
-0.00741577
-0.00262451
0
-2.31091
-0.0142517
-0.0240479
-0.00479126
0
0
-0.000976562
0
0
-0.937103
-0.00698853
-0.253479
-0.480774
-0.0169067
0
0
0
-0.745445
-0.188393
0
-0.0936661
0.758705
0
-0.0903702
0
0
0
-0.197372
0
0
-0.0522995
0
-0.193069
0.181473
0
-0.00392914
0
0.847549
0
-0.00917816
0
-0.378464
-2.82618
-0.384796
0
0
-3.40192
0
0
-0.420685
0
-0.069458
0
0
0
-0.0138245
0
0
0
1.10077
-0.00152588
0
0
0
