Number of keypoints: 12144
0
-0.0711212
-0.053978
-0.268074
-0.0592499
-0.688759
-0.00799561
0
-2.88411
-0.330765
-6.7377
-0.661346
-1.18765
0.270203
-0.0267334
-0.485962
-0.0429993
-0.0270081
-0.55069
-0.248779
-0.000579834
-0.000152588
-0.579056
-0.0730896
-0.853943
-0.0407867
-0.0190506
-1.09933
-0.550201
-0.890663
-0.0353012
-0.00531769
0
-0.564545
-0.0807037
-0.000396729
1.82196
-1.18622
-0.048996
-0.195587
-0.127289
-0.381836
1.44034
-0.0805054
4.8714
-0.694305
-0.293701
-0.149048
-0.0145874
-0.0706482
-0.418297
-0.437759
-0.196503
-0.277946
-0.291878
0
-0.165298
-0.216423
2.7153
-0.171562
-0.401268
-0.154274
-1.03484
-0.00505066
-0.368004
-3.62321
-0.0970306
-0.99408
-4.3622
-0.147934
-0.625412
-0.0283203
-0.18985
-0.261139
-0.937241
0
-1.26422
-7.86234
-0.12558
1.41742
2.60934
-0.3797
-0.0116272
-2.57031
-0.0553589
-0.228577
-0.0947266
2.26404
-0.546051
-0.0228271
-1.00403
3.86279
-3.6716
0
-0.00698853
1.44241
