Number of keypoints: 10404
0
-0.00346985
0
-0.0219314
-3.49449
-8.24928e-05
0
0
0
-0.279786
0
-0.0176668
0
0
0
-0.217968
-0.00966263
-0.152443
0
-0.216034
-0.258453
0
0
-0.00806046
-0.491837
-0.0874939
-0.0103149
0
-0.0914612
-0.0871124
-0.00292969
-0.0277405
-0.0662994
-0.0588989
-0.00439453
0
-0.7836
0
0
-1.38014
-0.967758
0
0
0
-0.254089
0
-0.00430298
0
0
-0.00050354
0
0
0.371521
-0.160599
0
-0.0197449
-0.302322
0
-0.64621
-0.0451355
-0.0267944
-0.00100708
-0.0122681
0
-0.713531
0
-0.000518799
-0.00811768
-0.0109863
-0.0187988
-0.725433
0
-0.0713196
0
0
-0.00210571
-7.06116
0
0
0
0
0
0
-0.292032
-0.00173569
0
-0.000925064
-0.0935211
-0.0108147
-0.00290298
-0.00326538
-0.032753
-0.619545
-2.47871
-0.0594177
-0.0457458
-0.315338
0
0
7.70512
-0.526047
-2.03287
0
-0.444351
-0.392609
-8.87489
0
-0.0804443
-0.013382
-0.495407
0
0
0
0
0
0
-0.0203094
0
-0.0278473
-0.101212
-0.0611725
-0.000183105
0
-0.0630646
-0.00888062
-0.107697
0
0
0
0
-0.0236359
-0.0103149
0.754303
0
0
0
-1.13533
-1.06801
-0.107407
0
0
-0.198669
-0.135681
-0.480927
0
-0.0744171
0
0
0
-0.0174255
0
-0.0172424
-0.120453
0
0
