Number of keypoints: 12216
0
-0.00746346
-0.0325451
-0.0126419
-0.0150604
-0.379219
-1.13467
-0.0175171
-0.319923
-0.00263977
-0.0574646
-0.00440216
-0.042572
-0.322563
3.76039
-0.0688553
-0.00930786
0
-0.347549
-0.0042572
-0.171707
-0.0391083
-0.904831
0
0
0
0
0
0
-0.011734
-0.00782776
-0.189117
-0.00408936
0
-0.122253
-0.909607
-0.718079
-0.204285
0.563477
-0.238922
0
0
-0.502869
-0.395935
-0.00473022
0
0
-0.691254
0
0
-0.00234985
-0.00012207
0
0
-0.00473022
-0.346433
-0.00280762
0
-0.0436172
-0.0853271
0
-0.0703964
-0.00720978
-0.0273514
-0.00862122
-0.0240936
-0.470734
-0.158012
-0.115799
-0.185684
0
-0.0226288
-0.347305
0
0
-0.00762939
-0.00991821
-0.00811768
-0.610718
0
-0.216827
-0.0877075
-0.0108032
-0.000244141
-0.63382
-0.776886
-0.542755
0
1.48077
-0.111633
-0.73526
-0.733215
-0.00149536
0
-0.00012207
0
0
-0.00140381
-0.0318604
-4.66125
-0.0675049
-0.142303
-0.00814819
0
0
0
0
