Number of keypoints: 10957
0
-0.00335693
0
-0.024498
0
0
0
-0.257416
0
0
0
0
0.639191
-0.0380859
0
0
-0.206749
-0.449974
0
0
-0.442535
-0.0131454
0
-0.0496597
-0.0354614
0
0
-0.00305176
-0.0149307
-0.0729828
-0.0204773
-0.212082
-0.0458374
0
0
0
0
-0.00808716
-0.180359
-0.198212
0
0
-0.00302124
-0.000244141
-0.00393677
0
0
0
0
-0.000915527
0
0
0
0
-0.000305176
-0.00680542
0
0
0
-0.483093
-0.0767212
0
-1.73965
0
-0.0509872
0
0
-0.0089798
-0.00689697
0
0
-0.00337982
-0.00173187
0
0
0
0
-0.00209045
-0.00242615
-0.00318146
0
-0.0110321
0
0
0
-0.00666809
-0.0133972
0
0
0
-0.0191727
-0.0012207
0
-0.0125656
-0.00312042
0
-0.0359879
0
0
0
-0.00306702
0.427422
-0.07547
-0.025856
0
0
1.77324
-0.00332642
-4.4856
-0.0285034
0
-0.181213
0
-0.000854492
-0.959229
-3.05176e-05
0
0
0
-0.0240784
-0.0201721
-0.0313721
0
0
-0.0184021
0
0
-0.000579834
-0.205627
0
0
0
-0.00424194
0
-0.0015564
-0.000396729
-0.00375366
0
-0.00161743
-0.00161743
-0.559052
-0.0043335
0
0
