7251892
25458819
133597725
11852312
12772253
8574082
19817179
8462194
5671885
14636860
5436062
141291123
63460109
9527275
187048835
8684484
49268855
87957566
9458726
5446298
32481891
123928056
15456673
36746867
192593554
15304057
60002676
142066810
19579836
20114763
67486414
24294787
15559938
21053576
9525031
7297964
231401899
67634929
12506742
12308040
9606823
11381926
6176286
11048319
25807851
11013016
12513731
3726224
18639218
17329445
37853044
12712997
13559432
11589387
55766361
15965830
9489895
279585958
27822166
219626325
8468380
8184633
115148960
5924205
10154875
11485906
12147811
9142296
15728612
7822452
12687094
18988584
7183546
105752322
14783790
10861556
18526598
13644078
82670226
8664122
