-0.0355876
0.0037165
-0.0429373
0.0387121
-0.0193298
0.495695
-0.960404
0.13458
-0.0445573
0.195739
-0.114963
-0.0302391
0.0217661
0.00208569
-0.0660014
-0.0050397
-0.00406223
0.00645604
-0.0464753
-0.00514944
0.170412
0.00189735
0.0514922
0.119389
0.0515053
-0.0213085
0.207585
-0.0915108
0.0164566
0.000441722
0.0372941
-0.131178
-0.0124722
-0.191469
0.026258
0.0115654
0.0197762
-0.317157
-0.010791
-0.0412226
-0.00472919
-0.015881
-0.015691
-0.00497514
-0.0030027
-0.18468
-0.011385
-0.230236
0
-0.173377
-0.0302112
-0.00706348
0.0308193
0.00229969
-0.0788528
0.0551808
0
0.0136423
-0.000499751
0.231178
4.88898e-06
-0.00198935
-0.0306581
-0.255007
-0.0113939
0.00179134
0.000148105
0
-0.280566
-0.17543
-0.0424097
0.509367
0.0176123
0.0477604
0.559957
-0.515647
-0.201548
0.0656546
0.0363647
-0.0882797
2.10383e-05
0
0.394212
-0.00192762
-0.0855006
0.0121252
0.108222
-0.0177663
0.000259443
0
-0.0800423
0.0145887
0.0777307
0.488034
0
0.236937
0.0656326
-0.000923641
0.000827172
0.119289
0.00871147
0.199203
0.0988908
0.141107
0.359375
0.166318
0.159067
0.0419304
0
0
0
0.038228
-0.146578
0.00103076
0.00157048
0.0126117
0.000452348
0.0517767
-0.892603
-0.110479
-0.806007
-0.00574094
-0.058926
-0.0471756
0.00479497
-0.430735
-0.115572
0.0631755
0.0549415
0.0125119
-0.349915
-0.435513
-0.526959
0.134815
-0.125703
-0.0273655
0.104463
1.13469
0.513569
-0.342925
0.135162
0.0410677
-0.141332
0.71288
-0.0314025
0.00116383
-0.00401472
0.0113503
-0.00775681
0.00992954
0.887328
0.949164
0.044046
0.146346
0.0417627
0
1.8063e-08
0.440004
0
0
-7.17341e-09
-0.000130358
0
-2.47768e-05
-0.00341579
0.0399654
0.00423582
-0.0158996
-3.40997e-05
0.00120317
0.00326273
0.151867
0
-0.0403536
0.00133591
-0.0225099
-5.72564e-05
0.14369
0.276058
0.00483274
-0.0246388
0
0.217944
0.78822
0.296153
0.0020481
0.0402732
0
-0.001093
-8.19489e-05
0
0
0
0.198427
0
0.0940453
0
-8.54646e-05
0.00834773
0.0959257
0.0219593
-0.758092
-5.32785e-05
0.0690987
-0.000515365
-0.257119
-0.00456331
0.00609868
-1.29144e-05
4.49227e-05
0
-0.497497
-0.000313597
0
0.0029758
0
0.154636
3.45942e-05
2.05681e-05
0.273711
-4.53675e-05
0
-0.0360154
0.163895
-0.000804625
1.59244e-06
0.000137929
4.99079e-06
0.000188069
-1.22323e-05
0
0.0158388
0.00119414
-0.00149381
0.0181462
0
-0.248949
-0.0196724
0
-2.97745e-05
2.17057e-05
-0.00322215
0
-9.24979e-08
-0.100558
0.00251785
0.000510945
0
0
0.0131902
1.70545e-05
-0.000571972
-9.37623e-07
0
0
-0.00450348
0
0.000266823
-0.0111334
-1.82475e-05
-0.0216979
0.00103155
0.000717573
0.0171308
0
-1.28581e-07
0.00972138
-0.240848
-0.00802877
-0.00394721
0.0659835
0
-0.100072
0
-0.157713
0.00467938
0
0.156314
0.0384949
-3.39386e-06
0.0110351
0.00562487
-0.000374195
1.38794e-05
0.000487533
-0.00842689
-1.7178e-05
0.00379874
0
0
0.0744814
0.00220788
-0.00989827
0.0384046
-0.000926931
-0.114282
0.5315
0.0444731
-0.000234909
0.180707
-0.000428925
-1.85868e-05
0
0.545155
-0.0176739
0.653182
0
0
-0.000327596
1.42077e-07
8.91808e-06
-0.058708
-0.191377
-0.213908
0.0433109
0.000104591
-1.34524e-06
-0.00201194
-0.0441769
-6.13661e-06
-4.74491e-07
0.431189
0
4.73729e-07
0
0
-0.0063153
-0.0367337
-0.00499372
0.00700321
0.0777146
0
0.000826308
0.0829006
0.186357
0.000319324
-1.85782e-05
-0.000219058
0
-2.80769e-05
-0.0745594
-0.00105504
1.27982e-05
-0.125934
-0.0601447
-0.0257782
-2.5039e-05
-0.355587
0
-0.000604047
0.00749521
5.83964e-05
-0.00763847
0.000521163
0
0.0969033
0.0378706
-1.28886e-05
-0.00314098
-0.00934659
0.00746215
0.0222157
-0.0214764
0.0634685
-0.0005743
0.0515303
0.226781
-0.00385782
-0.0301416
-0.0127179
0.0831577
0.527021
0.0949227
0.315971
-0.892686
-0.0222278
0.0190356
0.107313
0.00308126
-0.0283828
0.0618442
-0.000239373
0.00480773
0.356595
0.00337121
-0.00722534
-0.10696
-0.00607487
0.012674
0.0194044
-0.0823234
0.00223207
0.012226
-0.594345
0.00968818
0.171858
-0.00437275
0.0182286
-0.000208392
1.52535e-05
-0.00621835
-0.0544615
-0.010604
0.128681
-0.130056
-2.15347
-0.0234901
-0.00199111
-0.000541562
-0.0367318
0.0643506
-0.0293929
0.605612
-0.00108281
-0.0948033
-0.0592758
0.175555
0.000598403
-0.0128852
-0.0678361
0.00686284
0.00874671
-0.0670463
-0.0793131
-0.0184251
0.0156344
-0.0175958
-0.00749551
0.416962
6.40878e-05
-0.000157324
0.0409047
0.0386308
-0.0187622
0
0.038035
-2.22039e-05
5.56208e-06
9.25257e-05
0
-0.00703103
1.55006e-05
-0.0816926
0.182046
0.015361
0.34363
-0.0134214
0.0310969
-0.0275962
-0.00347451
0.00536865
-2.56877e-05
0.0151768
9.5756e-05
-0.00104303
0.182553
1.48395e-07
0.0415343
2.97644e-05
0.0273689
0.000177158
-0.0642379
-0.0001157
0.0425329
0.00569729
5.60143e-05
0
-5.43189e-05
0.00238748
-1.44369e-07
-1.47964e-05
-1.16051e-05
0
0
0
0.0288016
-0.00696154
-0.0491825
-0.0525231
1.55362e-05
0
-0.0976942
3.73623e-05
0
0.194202
-0.000251454
0.0127428
-0.277809
-0.000582761
-0.000302909
0.00137435
0.00231022
0.00411626
-2.3653e-05
0.00452322
0.000169939
0.000407897
-0.0193238
3.87637e-05
-2.63372e-06
-0.000220769
0.00054324
-1.0881e-05
-0.000107284
1.63518e-07
0.000895192
-0.00509336
-6.72653e-06
0
-0.186758
0.0139061
3.2061e-05
0
-0.00156939
-0.00789184
0.00112651
0.000767241
-0.0248894
-7.55428e-05
2.53466e-06
0.00215788
0.000167982
0.0126028
0
0.427649
-0.0024959
-0.000287964
-0.0518426
0
0
-0.00134542
-2.08539e-05
0
0
-1.38061e-05
0.000324389
0.0235223
0
1.316e-07
0.010816
0.00597648
1.00205e-05
-0.0164061
0.00171242
0.000249768
0.0102456
0.0120745
-0.0110102
0.198211
-0.010164
0.0133099
-0.00495078
-0.051483
0.00230679
-0.000775984
0.0104768
-0.00813064
-0.0402378
0.000125765
-0.000610549
0.126809
0.138753
-0.00924796
-0.0176497
-0.0192132
0.0117672
0
0.0206988
0.021645
0.0259838
0.00303725
-0.0023634
0.539552
0.000399528
7.48402e-06
-0.000342102
-4.2524e-05
-3.46735e-07
0.0181581
-0.022528
0
0.000133478
0.00182024
0.00735857
0.0127605
0.00990005
0
-0.00591382
-4.55748e-07
-1.85175e-07
0
0
-2.90248e-06
0
-3.93813e-08
-0.00238598
0
0
-0.145278
-0.000152237
-0.0586581
0
0.000542317
0.00150426
-9.4834e-06
0.00551324
-0.00988742
0
0.0527092
-4.7408e-05
0.31049
-0.000176567
0.193803
0.00754235
0.0469609
-1.89086e-05
-1.62619e-05
-0.165595
0.00778249
0.0927868
0.519545
0.000856128
-0.00435803
-0.0112279
-0.0203037
0.0233269
-0.00579059
0.000871964
0.0835312
-0.0343795
-2.80625e-05
-0.207582
-0.0415755
0.0196622
0.00346917
0.00460213
0.0299828
0.239277
-0.00467019
0.00353535
0.00244791
0.000467483
-0.390179
0.00398679
-0.0261798
0.000179716
-0.037375
-0.00422838
-0.0857885
-9.67209e-07
-5.60273e-05
0.00759202
0.00074725
-0.405029
8.96866e-07
0.032586
-1.18996e-05
-8.16246e-05
0
-0.0035352
0.0171941
-8.19164e-05
1.08821e-05
-0.0057401
-0.0259408
-0.000353991
-0.0248942
0.00969443
-6.63396e-09
-0.00357768
-0.00306055
1.80782e-05
-0.0627605
0.0266957
0.0753609
0.000109486
-0.00144427
-0.0119462
-0.00109968
0.0228075
3.5224e-06
0.0307557
-0.114168
-0.00040789
0.00503734
-0.0352579
0.0162339
0.0535803
-0.154807
-0.0002765
1.34163
0.0122453
0.00459197
0.0585031
-0.0168591
0.0253957
-3.74535e-06
0.0133103
0.0367186
-0.00304369
-0.058921
0.0066272
-0.00211031
0.0257362
0.049755
0.000464594
0.0194661
0.0117187
0.043532
0.0217419
-0.000264084
-0.00134272
0.101112
0.00454363
-0.00131487
0.0398928
0.0234658
0.00552324
0.0291457
0.000682297
0.0141533
-0.0618226
0.0104592
0.0147629
0.564871
0.00249449
-0.060961
5.72808e-05
-0.0122677
6.72138e-06
-0.0172716
-0.00309297
-0.00389525
-0.219682
0.000132758
-3.84306e-05
-0.00153488
-0.00868248
-1.36843e-06
-3.80371e-07
-0.0274719
-0.00132356
-0.013977
4.48829e-05
-0.0087702
0.00062206
-1.93699e-05
0.00179677
0.0325652
5.83891e-06
0
-0.0202793
-0.0118138
-2.52208e-06
-0.00064161
0
1.17851e-06
0
8.83981e-08
9.88985e-07
0
1.19506e-07
0.00287439
0
-0.000305348
-2.70436e-05
-7.63171e-06
0.00067587
0.000103588
0.0145709
-0.12162
0.105288
-0.0018587
-0.00512131
-0.0248448
-0.00838407
0.0141479
-0.00121054
-0.0352517
-0.0670867
-0.0705997
0.435251
0.189692
-0.00304363
-0.0055653
-0.197993
0.0308812
-0.0126955
0.00185646
-0.00476182
-0.16993
2.27107e-05
-0.000888464
0.134478
0.000107727
-5.92217e-07
0.0516674
1.94707e-05
0
0.000420729
0
0
4.40667e-05
0.000302531
0.000632807
0.000517517
0.000174114
0
0.000180829
0.00048011
0.00731765
0
0.00359016
-0.0048346
-0.00731979
-0.381564
0.0151445
-0.400502
-0.0472822
-0.0699985
0.0133592
0
-0.000119102
0.000153462
-0.11572
-0.00583905
-0.00393822
0.000221922
-0.0925058
-0.00366908
-0.00433039
0.000833927
-0.00583291
0
0.0207476
-0.0979663
-0.127296
0.0191981
-0.0103282
-0.0117173
5.26526e-05
0.174852
7.75231e-05
-0.00774507
-0.0126482
0.000685065
-0.0330186
-0.00014592
-0.181933
-0.0314165
-0.0165674
0.0220494
-0.0199022
0.0300097
-0.000552214
-0.00113977
-0.224275
-0.143563
0.129974
3.9888e-06
-0.0118165
-0.000213134
0.0128104
-0.00323507
0.175914
-0.000782632
0.0257801
0.00462891
-0.000447763
-5.32398e-05
-0.000126025
0
-0.00389085
0.00110095
0.00416397
4.67231e-05
0.0355003
-0.3048
-5.21358e-05
0.0574276
0.169829
0
-0.0319216
0.0277418
-0.0221491
-0.0141935
0.255983
0.000516739
0.0179984
-0.0065034
0.00774735
-0.0653659
-0.000446408
-0.0331455
0
0.000155635
-0.0161192
-0.355613
0.00792472
0.0158062
0.00100607
0.0045509
0.00424373
0.000246016
-0.000298874
-0.0578764
0.00903795
-0.0962514
0.00999805
1.16441e-06
-0.0645524
-0.00127487
0.0917321
-0.00106434
0.00119298
0.0487967
0.0190922
-0.00755933
0.00493653
-0.000193537
-0.0420192
-0.0280619
0.000424457
0.0270578
0.0635476
-0.269382
0.128464
-0.131298
1.76902e-05
0.000894038
-0.111096
4.55853e-07
0.000780162
-0.00281603
-0.05367
-0.007948
0.0192503
0.0009115
0.0160599
0.0178572
0.0146006
-0.00882394
-0.00905406
3.64001e-05
0.000783308
-0.00541834
0.000121239
0.0459417
-0.0252953
-0.000612318
2.05932e-06
-0.012587
0.00400153
-9.50705e-06
0.00508585
4.93668e-05
0.141128
1.39428e-05
-0.00270062
0.126463
0
0
0
-0.000287926
0
-0.0044237
0.00186962
0
0
-2.93177e-05
-0.0763512
0.26666
0.000578728
-0.0366739
0
0
0.707907
-0.0128019
-8.68259e-05
-0.0292511
4.69775e-08
0
0.0170671
0.00260672
-0.290016
0.0302863
-0.0501375
-0.0571308
0
-0.0271812
-3.00663e-06
2.86519e-05
-1.19632e-06
0.0146181
0
0.0996644
-7.10557e-07
0
0.0277512
0.00409756
-0.0618267
0.00154171
0.0201876
0.000216818
-0.0091918
-0.0255406
-0.000168222
0
0.000366397
-0.0756467
0.00143112
0
0
-0.00391969
2.57289e-05
0.0967525
-5.71024e-08
0.158152
-0.00309341
0
0
0.00214369
0
3.13774e-05
-0.00382078
0.116214
0.221501
0
-0.0021894
0
0
-0.00111722
-3.05917e-07
0.233188
-0.0491046
-0.0023428
0.0127954
0.000109927
1.62424e-05
0.00253245
0.0186515
-0.000215392
4.70898e-06
-0.174519
0
0
-6.86671e-07
0
0
0
-0.0243933
0
-5.51305e-08
0.0111912
6.34419e-05
-0.458334
0.0172104
0
0
0.0172745
-8.24284e-05
-0.00473106
0.0489732
0.125548
-0.0206806
-0.0760383
-3.15407e-05
-1.43032e-07
0
0
-0.000114984
-0.0635519
-0.00111357
-0.241279
-2.65014e-07
-6.94538e-08
-0.00169134
-0.00330418
-0.000162999
0
0
-0.000138379
-2.80797e-05
0
0.00441192
-0.669055
-0.541006
-0.000210521
-8.99741e-05
0.00080454
0
0
0
1.61135e-05
-3.90978e-06
0.00455364
-0.000500168
0.00211607
-0.00151538
0.00618397
-0.00756599
-0.289521
-0.0145247
-0.0375281
-0.0212766
0.0369018
-0.105968
0.00875103
0.0716851
1.63052e-05
2.02639e-05
0.0204642
-0.0208695
4.62192e-05
0.0405786
-0.00144304
0.0224616
8.61254e-05
0.0180595
0
0.00519302
0.00533414
-0.0134533
0
0.00297311
-0.000968866
0.0165505
0
0.000309908
9.27192e-06
0.0724822
-0.016672
0.0622569
0.0639338
-0.0329214
9.16156e-05
-5.25286e-05
0.00463095
0.0446506
0.000573934
-4.34062e-07
0.00304457
0.00824554
0.0316267
0
0.00623449
-3.83583e-05
0
0.0101091
0.0277519
-0.000295686
0
0
0.000255061
5.52032e-05
0.00852244
0
5.30541e-05
3.21757e-06
0.00868226
0.0150611
3.75341e-07
0.013058
0.00994845
0.000203679
-0.105444
0
0
0
0
-0.000302662
0.112615
0
-0.0516795
-0.00556393
0.0485042
0
0
-8.08676e-05
0
-0.00466401
-9.55441e-07
-0.000188159
-1.35611e-06
0.0158332
0.0116291
-0.0173324
0.180177
0
0.00214181
0.0152561
0.0181495
0
0
0
0
1.36717e-08
0
0.0205479
0.0462321
-1.62119e-05
-0.000482826
-0.00668226
0.000428795
-0.00864434
0.01024
0.0215906
0
0
-0.00305389
-0.0110396
-0.138007
0.000834708
0
0.0399929
0.00211957
-0.173833
-0.0957711
0.0748587
0.0376159
0.107113
0.269771
0.154755
0.151441
0
2.99592e-07
0.000263322
-0.0361702
1.05316e-07
7.05746e-08
0.0442314
-0.0374465
0.00100899
-0.0328993
-0.00592774
0.110592
0.198006
-0.242607
0.00795655
0.000495716
0
-0.428629
0.00161645
0.00231102
0.214107
0.000194114
3.45677e-06
0.000337898
0.0516882
-0.000436538
0.0256572
-0.0242052
0.100405
0.00321084
0.0222613
0.000226395
0.212173
3.12257e-05
-0.00727746
7.79868e-05
0.000337573
0.000611469
0.19901
-0.14466
-1.50423e-08
0.0573225
0.0482804
-6.20298e-08
-0.263148
0.00032505
0.043925
0.000394582
2.31643e-05
0.30208
6.57283e-08
0
1.58841e-08
-0.000139722
-0.0244267
-0.0614753
0.0193065
0.00645375
0.0107539
-0.000487359
0.0393254
-0.251251
-0.0312485
3.34069e-06
-0.17773
-0.964309
0.122782
-0.0100321
0.00656172
0.0358904
0.0872375
0.0412898
-0.021492
-0.016257
-0.000134199
0.00363549
0.00628154
-4.93086e-05
7.10406e-07
-0.029744
0.0352523
0.000371243
-0.0295189
-0.0240465
0.00797837
-0.0697337
0.0243575
-0.0244113
0.0267217
-0.0056034
9.77526e-05
-0.553236
-0.00465365
0.182279
-2.88218e-05
-0.105619
0.327909
0.0395669
0.0463513
0.00754865
0
-0.00304595
-0.147579
-0.058451
-2.28524e-08
0.0162353
0.0149903
0.0413275
0.00432553
-0.0323534
0.0121116
0.155118
0.63144
0.11318
-0.0205741
-0.0225358
0.000725209
0
-0.00525743
-0.000321626
-0.00103886
-0.00060434
-0.000517476
-0.0244451
3.36205e-06
0.00186108
0.0017315
1.83431e-08
0
-0.000102493
0.0170889
-0.00411912
0
-0.000243403
-0.00203581
-0.00255479
-6.41701e-06
0.00076335
-0.00036358
-0.0006621
0.000104231
-0.0215007
0
-2.71304e-05
0
0
-0.000175327
0
-0.00024499
0.00219613
0
0.0390437
-2.67562e-05
1.97032e-05
1.99577e-08
-0.0131249
0.00064319
0.00053951
0.0339613
0.000419088
-8.09836e-06
0.00482752
0
-0.0123158
0.000581854
0.00141733
-0.000500805
-0.00777363
1.63795e-06
0.00264971
0
-0.0399127
-0.0116422
0.00163338
6.30446e-05
0.000773284
0.00633242
-0.0319482
-9.09294e-05
-0.0266845
0.000551738
0.0052247
-0.00222135
-1.4288e-05
-0.00928597
-0.194288
0.00677539
1.6795e-05
-0.00265752
-0.00118972
0.0275253
-0.000108881
-0.00389422
6.13177e-06
0
-0.00012053
-0.0519408
-0.0110826
-0.00958666
-4.95085e-06
-0.0503138
-0.0128789
-6.83543e-06
0.000192712
0.0174682
-0.0270972
-0.00490945
0.0114238
-0.00339678
-0.028405
0.00404112
-0.000876725
-0.00596373
-0.0352982
0.0281465
-0.003375
0
-0.192289
-0.00704847
0
0.00409895
0.07858
0
0
-0.00230415
0.467924
-1.35384e-05
-0.00433021
-0.00144232
-0.00206648
0.00614417
-9.37576e-05
-0.00446966
-0.123973
-0.023567
-4.1095e-05
-0.00992099
0.0242403
-0.00254114
-0.0325607
0.00308274
-0.000731854
0.00902175
0.0103588
-0.000101549
-0.0317635
-0.00508378
3.55132e-05
0.000297405
0.00651901
0.0159965
-0.0036354
-3.02892e-05
0.0110988
-2.14382e-07
0.000196969
-0.0147802
0.0798261
-0.0143349
-5.92076e-07
-1.34511e-07
2.91846e-07
4.37627e-05
-0.000221395
-0.00171424
0.0167667
-0.000491094
0.0101292
0.147001
-2.2371e-05
-5.55187e-05
-0.0179559
-0.0294712
0.0869819
0.0774378
0.0479803
-0.0136843
-0.0555605
0
2.67352e-05
-0.0575876
0.0159864
0.114836
-4.32925e-07
0.0561728
0.0793848
-0.0664214
-0.00136787
3.24467e-06
0.00069638
0.070493
-0.0474805
7.69996e-06
-0.00137704
-0.00596352
0
-0.000788966
0.000170566
0
-0.0309049
0.00869437
0.0154512
-0.000411578
-0.000452209
-0.0138853
-0.000935998
-0.00468983
-7.87995e-05
0.000322938
-1.58839e-05
0.00473888
-0.00528269
-0.0145699
0.0627487
0
0.000462126
0.000848331
-0.00191009
0.0148359
-0.041367
-0.00800731
0.000745669
-0.000472277
-0.0447118
0.0265908
1.32755e-07
0.0148949
0.00026563
-0.114437
-0.00607671
-0.0600672
0
0.00146384
0.00286675
3.10852e-05
0.000105026
-1.00625e-06
0
-0.00326714
-0.000861146
1.89652e-05
-8.51509e-07
-0.00914264
-6.78818e-09
-0.000265537
0
0
-3.37486e-06
0.00367103
0.000101258
-0.000419399
8.33426e-05
-1.13329e-06
9.87339e-05
-9.70196e-06
-0.00032117
-5.06637e-08
0
-0.0018049
-0.02923
0
0
2.78011e-05
-3.07273e-08
1.03031e-05
-1.60763e-08
0
0
0
-2.8784e-06
-3.79137e-05
-1.40257e-05
-3.90551e-08
0
-0.0197682
0.000352939
-0.000349144
-2.0838e-07
0.00741034
0.0115892
0.0121631
0
-0.00412735
-2.03519e-05
3.48484e-05
2.94281e-06
0
0
5.4625e-06
0.00491151
4.62597e-07
0.000247511
0
-0.000132119
0
-8.64327e-07
0.00162015
-0.00162178
-0.00742487
0.00491466
-0.000473456
2.2608e-05
5.82914e-09
0
-4.82623e-05
-0.000205503
7.35829e-08
1.61876e-07
4.03941e-06
6.32379e-07
0
0
0.000269602
0.00875718
0
0
0
0.000101799
0
0.0321489
0
-1.33033e-09
0
7.57814e-08
-3.06104e-07
-2.68963e-05
-0.000201447
0
0
0
-1.29958e-05
-6.73774e-05
-0.000386487
-3.74639e-05
-0.000237198
-2.48815e-05
-4.80793e-07
1.30429e-06
0
-0.0034943
0.000799312
-0.00162125
-0.00168829
0
0
0.000184818
-0.208017
-0.000837305
-0.000287665
0.00673613
0
-0.0154503
-0.0153855
0.0263426
-0.0144907
0.00840472
-0.108362
0.0191795
0.000198045
0.0439355
-0.00898671
-0.00136181
0.00163545
0.00507153
-0.000338942
0.00654999
-0.00848522
-0.000641911
0
-0.00167001
0
-0.00140856
7.54452e-05
-0.00302456
0
-0.000136261
2.45935e-09
0
0
0
-0.043995
-0.00533963
0
0
3.90404e-07
0.00541521
2.90167e-05
0.00504464
0.0149232
0.000285799
-6.3397e-05
-0.015491
-0.00108534
-0.000990612
0.0202455
-0.00256202
-0.0286526
-0.00012679
-1.20497e-06
8.44773e-09
-7.72337e-06
-0.00699866
-0.000198772
-0.00381774
0.000953267
-0.0129556
-0.000244423
-4.13358e-05
-6.95276e-05
-0.00313499
-0.00284387
-0.00897655
0.00722576
-0.003473
0.0195719
-0.013334
1.66281e-05
-0.000832913
5.65625e-06
0
6.04184e-05
-8.78932e-07
-0.000786032
-3.25239e-05
0.000106912
-0.00156784
-0.0018494
-0.000604953
-0.000677741
0.00030253
0.0123945
-6.32633e-07
-0.000622474
0.00936611
-0.00156076
-1.74634e-05
7.94173e-05
-0.00299348
-0.00152024
0.00166609
0.00190335
0.0120263
0.00142773
0.0085688
0.000339531
0.00233784
4.63972e-05
0.00104624
0.00378102
-0.00536815
0.00269038
-4.10026e-08
-0.000145664
6.16093e-06
1.18025e-05
1.90047e-06
0.00275047
0.000280345
0.0152433
0.00223462
-0.00701079
0.000378945
8.97587e-05
-0.00850005
-0.000236194
0.000836978
-0.0093711
-0.000281954
0.00861645
-2.93518e-05
-0.00525062
-0.000104246
0.0149693
0.0227067
0.019418
0.00793423
0.00315022
0.000184968
0.00161293
0.00310045
0.00246824
3.80691e-06
0
-0.00436214
0.000296361
6.73905e-05
-7.27884e-06
0.000553464
0.0055697
4.25992e-05
8.4022e-05
-0.00363237
3.97057e-05
-0.00303366
-0.0672591
-0.000546903
-0.00309964
-3.41052e-05
-0.0295999
-0.411946
0
-0.376711
-0.0814624
-0.0487407
-0.000996291
0.00229405
-0.0510962
0.0132699
-0.000577644
-0.00044454
0
-0.0458644
0
-4.46524e-05
0.000621635
0.000645063
-0.112596
-0.00522531
0.0139109
-0.140344
0.000160742
-0.023264
-9.99108e-05
-0.085806
-0.084111
-0.0904663
3.66828e-05
0
-0.144054
0.000283836
0.00192057
0.112869
0.000657695
0.000419017
0.000452905
0.14137
0.0416131
0.0083691
0.00534091
-0.00012759
0.137688
0
0.000100343
0.0814594
0.0144487
0.000866615
-0.00670063
0.0790606
0.00192964
-0.0297481
0.000167702
0.00473485
0.000397766
6.19901e-07
8.53619e-05
-0.000662986
0.0152954
0.0441972
-0.0143385
0.0003213
0.0381986
-0.00297628
-0.000554989
0.00100141
0
0
0.00192743
0
-0.00366136
0.0123061
-0.0127375
0.0242219
-0.046208
0.181969
-0.213552
0.181746
0.0811756
-0.0896791
0.0640118
8.62297e-05
0.453313
-0.395237
-0.0300742
0.271007
-6.02269e-05
0.0774409
0.0118797
0.0761554
0.00933608
0.114208
0.00384064
-7.76765e-06
0.00169894
7.24642e-07
0
-1.46883e-05
0.00764007
0.0220629
0.0492859
-0.00505769
5.19916e-05
0.0990625
0.327631
0.0233973
-0.25006
-0.0533364
-0.112676
0.000212051
1.25865e-05
0.397222
0.179401
0.00285491
2.01645e-07
-0.00165518
-0.0210765
-6.42362e-05
0.224472
0.0086955
-0.000879522
2.67842e-07
-2.43117e-07
-0.00029907
-0.0135381
0.0251341
-4.34501e-05
0.0353982
-0.00580351
-0.00262312
-0.0248925
0.0120321
0.0469703
-0.0738745
0.0249681
0.709178
-0.00738135
-0.0590162
-0.0682027
9.83137e-07
-0.00157733
-0.124296
-0.0013217
-0.00565124
-0.040578
-0.0689514
-0.00519637
0.090977
9.79475e-06
-0.0214976
-0.00883013
-0.0971838
-0.00937207
-0.0200054
0.236058
-0.136329
-9.09389e-06
-0.428288
-0.210966
0.2326
-0.646749
0.00375182
0
-0.00706495
-6.39923e-06
0.0346651
0.00625777
0.0519159
0.383579
0.0682311
-0.118103
0.0132348
0
0
-0.000137279
-2.90202e-05
0
0
0.000167289
-0.117923
0
0.00158824
3.14896e-05
0
-0.00572037
0.000124229
-0.00994043
1.21629e-05
1.22356e-08
2.8752e-06
-0.0139042
0.000147888
-0.00385391
0.00335002
0.0105127
0.033157
0.000248434
0.0324579
0
-3.00796e-08
0.000278385
0.0143628
0.165431
0.0334145
0
0.0376534
0.00267207
0.00686817
-0.00493261
4.74605e-05
0.0283964
0.00117582
0.00172806
0.000984834
0.00296433
4.31539e-08
0.00231008
6.63591e-05
1.35344e-07
0.000140389
0.00793628
0
-0.00600864
-0.0104815
-0.000236736
-1.67954e-06
-0.0195428
-3.97772e-06
-0.000289951
9.14305e-06
0.000362027
4.99141e-05
-0.000316731
-0.00200301
-1.1425e-05
0.000631617
0.021528
0.0188329
-0.0536548
0.0310329
0.14769
-0.00952653
0.0262173
0
-5.3835e-05
-1.00706e-07
0.00919113
0.0188839
4.9853e-05
-0.00570833
-0.0193326
0
-0.00569461
-0.0133961
0
-0.0138046
-0.000768848
-0.018485
1.84281e-06
3.51947e-06
-0.00577233
-0.000118109
0.00267019
0.0719579
0
-0.00318288
0.00722755
-0.00681171
0.00620308
1.7608e-06
0
-0.00727021
1.56236e-05
0
-0.0381206
-1.57009e-07
-0.0158021
1.20538e-05
0.000355538
0
0.00855414
-0.160421
-0.0489535
0.00182866
0.160421
8.26362e-06
0.0075134
-0.0468899
-0.0015543
-0.000283037
0.00086436
0
1.1332e-07
-5.22615e-05
0
0.175993
-0.0114136
0.0562367
0.0647997
0.0173572
-2.94873e-07
0.00323614
-0.000975666
-0.000191372
0.00930994
-0.0472711
-0.00205233
0.011716
-0.0311133
0.0275651
-0.00649796
-0.108848
-0.0316912
-0.13509
-0.00692414
0.00861565
0.0282813
-0.00679129
0.018793
0.0725144
-0.0472458
-0.00489025
-0.0773286
-0.000107378
-0.0319119
-0.0076934
-2.90361e-05
0.0850887
0.000393836
-3.61893e-07
0
0.0138874
1.72415e-06
0.0528936
-0.0408346
-0.0128669
-0.115105
4.74984e-06
0.0125358
-2.58705e-05
-0.0457259
0.00406257
-0.000347905
-0.0518329
-0.00151261
0.0136674
0.125737
-0.105011
0.232503
0.00958246
-0.0479488
0.00901022
-0.018543
0.0392101
-0.0120326
-0.154533
0.0947531
-0.00570053
0.00954714
0.0119959
0.00271538
0.162497
-0.0293717
0.557162
-6.70564e-05
0
-0.00598844
7.11575e-06
-0.00925003
0.000124076
3.4608e-05
-0.00024836
0.0351914
0
0
-0.000352945
1.02178e-06
0.0605396
-0.015598
-0.000156062
0
0.129981
0.0479384
3.36776e-07
0.000205299
0.173556
-0.00554248
0
0.0180065
0.0471266
-0.00750515
0
0.00777579
-0.00809951
0.0152603
-0.000214026
0.0377731
-0.0309688
0.00460471
3.46268e-06
-0.00503957
-0.000103535
-0.00316385
0.121212
0.267013
0.000555209
0.000150269
-0.0132747
-0.00235747
0.00129885
0.000131647
-2.20097e-05
0.0109314
0.0254691
-0.000977037
-0.000906647
0.000895382
0.000281285
3.10858e-06
0.000277225
-0.0126009
0.000611135
2.21412e-05
-0.000111018
-0.0213485
0.0453753
0
0.0517687
0
0.027151
-0.000152827
0.00303913
0.0135005
-0.00170277
0
-1.60624e-07
-0.014383
0.0037639
0
0.000760015
-0.00655898
0
-0.00392675
-0.000241796
-0.0145948
-0.000262706
-0.00592108
-2.41097e-08
-0.00559615
-0.00211485
-0.0410005
0.00437248
0.00125643
0
0
-0.00652571
0.0196931
-0.000231881
0.0292986
0.000947185
2.77422e-05
-0.0289027
0
-6.29876e-05
0
0.0132675
-0.164901
-0.142845
-0.00072769
0.00475775
-3.84739e-05
-0.07448
0.0168669
-0.0357352
-0.0385449
-0.0110597
-0.0967537
0
-0.00559352
0.128713
0.00422193
0
-1.97791e-05
0
0.0319894
-0.0184027
0.00426964
-2.84399e-05
0
-0.0142566
-0.000178157
-0.0082885
0.016103
0.00706245
-3.32806e-05
-0.00261801
0.000146724
0.00357637
-0.00132673
0.000773376
0.00142205
-0.000279452
-0.00080732
0.0061261
0.00837297
0.0404193
-0.0140186
0
-0.0055788
0.0762572
-0.00233597
-0.00353527
-0.0993527
-0.0631025
0.0744332
-0.000188472
-0.0207538
0.0538582
-0.000113247
-0.0417629
0.0393575
0.0193152
-0.0036325
2.48786e-07
0.000140675
-0.0684082
-0.000138907
-0.22276
-0.0517605
-0.000308824
-0.0386453
0.0127555
0.0608829
0.00026386
-0.00707142
-0.0764414
-0.0057374
0.0212967
-0.081349
0.0112813
-0.104638
-0.0856265
-0.0196829
-0.108477
0.0784809
0.0327298
-0.00663931
0.222245
0.0427123
-0.0713124
0.198427
0.0915346
0.147687
-0.0115387
-0.00808789
0.0867338
0.0148331
-0.125589
-0.114364
-0.000537346
-0.0158782
-0.0107312
-0.106333
-0.00282656
0.382813
0.0828666
-0.0615127
0.000237911
0.00444259
-8.69632e-05
-0.00645091
-0.067927
0.0147728
0.119094
0.0557583
-3.70739e-05
-0.0335809
0.0578028
0.0121491
-0.0983503
-0.166785
0.00544566
0.0124339
-0.354027
-3.45786e-06
0.0223094
-0.0785137
0.111228
0.0916264
0.00390183
-0.0251399
0.0488203
0.00263219
-1.69717e-07
-0.00906228
0.146323
-0.00853403
-0.0492239
-0.0138837
-0.0671206
-0.0179102
0.0019493
0.000800321
0.00466967
0.00425425
-0.00391594
-0.0298928
-0.0994222
-4.72831e-06
0.00865395
-0.00664841
6.74073e-05
-0.000108156
-0.0100836
0
-0.00668206
-0.0147546
-0.000352963
-3.21205e-06
-0.0152928
-9.74395e-05
-0.000105388
-0.00315674
-1.34554e-05
-0.0119736
-0.000894485
-0.000559216
-0.0163465
0.000497428
0
0.0010356
4.95795e-05
-0.0027532
1.59879e-08
-0.000682486
0.00200535
0
-5.81666e-06
-2.63102e-06
0.025938
0.00876996
-0.020611
-0.0551829
-0.00724162
0.0174004
0.0109171
1.34489
0.0542841
-0.0501154
0.0286429
0.342396
0.00871715
0.00255482
-0.782703
-0.52764
0.201362
-0.0231349
0.0518512
-0.0385222
0.000341134
0.0319575
-0.0766835
0.0390308
-0.396408
0.124835
-0.0315427
0.0314135
0.0102841
0.171066
0.00869379
0.00066412
0.000342155
-5.99232e-05
-0.005624
-0.023983
0.127439
0.00512388
-4.07183e-06
0.0111557
-0.00424897
-6.6161e-07
-0.00721941
-0.00412762
-3.2932e-07
0.0197631
0
-0.00315003
-0.00570725
0.000523291
0.000399059
-0.0434811
0.0109262
-0.0175872
-0.00600643
0.00506818
-0.000476038
8.7376e-06
-0.0023955
-0.0115202
0.00691573
-0.00562659
0.0183376
4.32137e-08
-0.00015706
0
0.153723
0.0234855
0.000123773
0
0.0058203
0.0364173
4.52607e-05
-0.00893516
0.0151148
-0.0112355
-0.0797042
3.00184e-05
-3.40029e-05
0.074043
0.0109857
0.000355103
0.101906
0.0218272
0.0042898
-0.000218492
7.66405e-06
0
0
0.255583
0
0
0.0291049
-0.000885418
-0.000400444
0
-0.00549221
-0.0609322
0.13798
-0.00256669
0.0410611
0.00740417
-0.00063763
3.55375e-05
-5.00093e-05
-0.0524083
0.0808431
0.00211497
0
-0.000837444
-0.0297917
-7.10459e-05
0.000261854
0
0
0.000482982
0.0114963
-9.31386e-06
0
-0.011015
-0.00279081
-0.00900005
0.0187497
-0.00675865
-0.00223086
0.0306152
-0.0191377
8.67352e-05
5.84488e-05
-0.199746
0.00275921
2.6188e-06
-0.00300457
0
-0.00677931
1.9985e-05
0.000843202
3.92539e-06
0.130058
0.109609
1.61129e-06
0.0230643
0.00183219
-0.00509973
-0.00428968
0.0240498
-0.000888066
-2.8891e-05
1.02003e-05
-0.00977058
0
-2.79899e-05
-0.0254746
8.40415e-06
-3.44482e-07
0
-0.117591
-0.000381705
0.00891251
-0.000488219
-7.48097e-05
0.00461101
-9.94881e-05
0.034664
0.00657465
0.00491683
0.0241342
0.00644764
0.0310086
0.00745317
0.409792
0.00476199
-0.00914387
0.0712404
0
-0.00358247
0.0109907
2.43987e-05
0.214448
-0.0181709
-0.000101489
3.91214e-06
0.00266687
-3.50109e-07
0
0.00116954
0
-3.77691e-05
0
3.92763e-05
0.00236582
-0.00275646
-0.00224527
7.52441e-05
-0.000381441
0
0
8.77404e-05
0.000435389
0
-4.31713e-05
-0.32943
0.20541
-4.79765e-07
0.00655676
0.000319616
-0.0306564
0.0023724
-0.0015208
-0.00786998
0.000516703
0.000392252
0.000302795
0.0143834
0.000104477
0.000905746
-0.00171602
0.0225781
-0.0241549
-6.42412e-05
0.000524544
5.15657e-05
0.00217907
-0.00737803
0.0105092
0.0200806
0.0490902
0.0704528
0.389651
0.0345732
-0.0059284
-0.0826914
0.135537
0.00136962
-0.0537663
0
-0.00053446
0.0569239
-1.08844e-05
-0.00667044
0
0
0.000772387
0
-0.403092
0.0261221
-0.0239347
0.000453654
-0.027644
0.0132609
0.00316659
0.00491792
0.010373
0.0176107
8.69223e-05
0.0888468
0.000215953
-0.0177512
-0.0107341
0.0710075
0.0222695
-0.00409905
0
0.00635756
0.152595
0
0
0
0.0728501
-0.0288613
0.0159211
0.00430612
-0.107089
0.000330406
-0.0527832
-3.60719e-07
6.74428e-06
-0.015577
-0.0160354
-0.0286877
-0.458433
-0.00561163
8.4242e-06
-0.00832105
0.00260884
-0.380235
0.0194221
0.00157829
-0.000368213
0.0358381
-3.91549e-05
0.00298158
0
-0.0671263
0.055947
0.000136762
0.000155393
-0.00868285
-0.182204
-0.00343547
-0.0956499
0.0571818
5.71016e-05
0.00324746
-0.00072549
0.000251535
-0.00958097
-0.000256006
0.00763122
0.0206294
-0.0660233
-0.0327335
-0.000922735
-0.0969567
0
0.00169946
0.0161197
0.0054449
-0.0173425
0.00681895
0
-0.0032724
0.161603
0.000101361
0.000121855
0.00980029
-0.00413617
-0.000619219
3.57391e-05
0.0287802
-0.0344434
0.187991
0
-0.000406028
-0.000488871
1.44546e-05
-0.00177663
0.028984
0
0.00165451
0.123312
0
2.82714e-05
0.00345253
0.00406856
-5.82336e-07
0.000956372
0.0218609
5.11931e-05
-0.000484986
0.0200088
-1.79896e-05
0.0699454
-0.000339888
1.02059e-05
-0.000200032
0.147387
0.00467071
0
-0.000192613
0
0.010642
0.0144277
0.000556595
-0.00496913
0.0155557
-0.0142539
-6.74809e-06
-0.0494268
0.00100045
-0.0316291
-0.157804
0.00351377
0.052234
0.00152863
0
0.0163906
7.50245e-07
0
-0.196217
-7.01029e-05
1.72875e-07
0
0
0
-0.0197278
-3.2008e-07
0.00144833
0
0
-0.0325134
-0.000173449
2.56605e-05
2.35179e-07
-0.000513064
0.0021134
-0.000209961
0
-0.00415757
0.000107465
0.00875135
-0.514867
-0.472882
-1.08341e-06
0.000807262
0
0.000499893
-0.216464
-0.0205119
-0.00126298
-0.00260521
0.00261152
-0.00336796
-0.07643
0.0125695
-0.00112522
-0.000613145
-0.0045505
-0.0863731
-0.00229659
0.0109426
0.0135126
-0.000281904
0.0562204
-0.0102851
-0.134288
-0.232179
-0.074115
-0.0195195
-0.0374159
-0.000105841
-0.00107041
6.58938e-05
0.0590484
0
-2.88425e-07
-0.00340467
0.00299017
-0.0110902
-1.87487e-05
-0.000692412
4.95841e-06
0
0.00180647
-0.0984932
0
0.0281437
0.000158554
0.0460604
-0.545193
0.00420552
-0.0287497
0.293222
-0.184648
-0.00688358
0.0151335
-0.0663001
-0.017164
0.0247901
0.00163499
-0.000120389
-0.0557048
-0.0174308
-0.000425871
0.00114304
-0.505995
0.043282
-0.00665193
-6.7108e-06
0.0631882
-0.0735446
-0.0415089
-0.0144618
0.00305166
-0.0248843
0.0379419
0.0107332
0.336357
-0.0339867
0.00210841
-0.0195578
0.00424252
0
0.000249871
0
0.0101719
0.138261
-0.0123643
0
0.000113019
0.000445847
0
0.0184266
0.000522514
0
-2.15886e-06
0
-0.0116477
5.35207e-05
-0.00012414
-9.7e-08
-0.00125038
-0.0513542
-0.00226119
0.115453
-7.08398e-05
8.6229e-05
0.00109518
-0.00883355
0.00362954
0
0
0
-0.00316944
-0.0208207
-0.00037471
0
-0.00013772
0.000118281
0
0.0283364
0.00183079
0
-8.86932e-05
-0.00197001
-0.00467459
-6.44999e-07
7.03288e-08
-0.000152868
0.0301043
0
0
1.30621e-07
-0.068289
0.00965399
-0.00689139
1.10345e-05
0.000952377
0.00162221
0
0.0773742
1.00636e-06
6.20795e-05
-0.0424163
0.00991545
0.166369
0.00278664
0
-0.000145605
0
0.000623838
0.031078
-0.00347436
-0.00284515
0.00249147
2.41194e-07
0
0.00146346
-0.0233253
2.90726e-08
0.0348902
-0.00331453
-0.00255082
0
0
0
-0.000759352
0
0
7.29904e-06
-0.00137609
0.0213487
-0.000196654
0.0156601
-0.0108284
-0.000870964
9.28823e-05
0.000189355
0.00549429
0.000158081
0.000477567
-9.33869e-05
0.0198534
4.4961e-05
-0.000207932
-0.00449123
0.0124347
4.24115e-05
-1.31239e-06
-5.72136e-07
-0.0411375
-9.29152e-07
0
-0.00307815
0.00434539
-0.00388753
0.000446417
0
0
3.2421e-05
2.18193e-07
0
0
-1.28458e-05
0
-0.00055242
-8.37625e-05
-9.5857e-05
-9.07319e-08
-0.000632138
-5.45275e-08
0.0189663
-0.00521958
-0.000415361
-0.00841203
-0.000279522
0.00377892
-0.000112443
-1.78667e-05
0
-0.000459175
-9.83818e-05
0.0296465
0.0126403
0
0.000364305
-3.95297e-05
0.000381144
8.80251e-05
-0.000249403
-0.000200788
9.95134e-05
1.91192e-06
0
0
0.00851079
0
-7.31364e-05
-0.000195074
0
-1.81726e-05
-0.00156734
0.00066097
0.00244254
-0.00365518
0
-3.64575e-05
-0.0166264
-0.0164834
-0.00342062
-0.00410607
0
0
3.61048e-05
2.73431e-05
0
1.00047e-08
0.0341047
2.45442e-05
0.000704454
0.000443277
1.20595e-06
0
0
0
0
-0.00192006
-0.00156264
-1.29385e-05
-0.0223744
-0.00177244
1.13828e-05
-9.84162e-06
2.83378e-07
-2.13589e-06
-0.0225308
-0.0270532
-1.41454e-05
0.000326456
-0.0484327
-9.1158e-05
-3.00057e-06
-2.8513e-07
0.0219989
0.00629293
0.00668122
0.0265207
0
-1.1636e-07
0
0
0
0
0
-5.55698e-06
-3.97193e-06
0.00910319
0
5.39459e-08
0.0113989
-2.84803e-06
0
0.0104516
-0.000102522
0
-0.000196714
0.0331181
-0.0116955
0.0045134
-0.0217783
0.0120714
0.00655345
0.243792
0.00185557
4.7864e-08
0.127359
0.00134467
0.223832
0.0762077
0.000736305
-0.0781859
0.00673568
0.0437552
-0.130252
-0.0133893
0.0312345
-0.00030416
-0.00886455
-0.00234837
0.000201945
0.000882012
0.000602204
0.00155002
-4.10366e-05
-0.0288219
0.0111275
-0.135382
0.0404337
7.35958e-05
0.00240791
0.0557738
-0.0142174
0.166383
0.000349021
0.0753665
-0.104649
0.0211773
-0.00749177
0.00327983
-0.462243
0.00479193
0.0328263
0.000950739
-0.0896355
-0.148717
-0.541609
0.00376522
0.00763318
-0.00334357
0.0486414
-0.0054384
0.00551292
-0.828196
-0.00196998
0.0124346
0.00388006
-0.0559994
0.226168
0.0428113
0.0149946
-0.0183192
0.352429
0.0172029
-0.164974
0.0997374
-0.357869
0
-0.00956522
0.00221989
0.0222478
0.000164425
8.66833e-06
0
9.04219e-06
0
0.000383088
-3.21114e-08
7.63212e-07
0
0
0
0
-2.10237e-06
0
0
0.000327205
-2.19648e-05
0.000523572
0.00405316
0.000637371
7.10676e-05
0.00902135
0.000160761
0.000423463
7.62933e-05
1.91369e-05
0.00665783
0.00564601
3.34177e-05
-2.78309e-08
0.000268813
0.0014995
1.20397e-05
0.000149201
1.35012e-05
0.000373959
0.000146962
0.000774867
0.0024879
0.000366838
0.00807559
0.00104279
9.39438e-05
2.48302e-05
1.4198e-05
0.000294208
0.000678373
0.00581635
0.0032429
0.0024612
0
0.000692979
0
0.000148611
7.04172e-06
0.00165339
0.000297375
8.1817e-05
-0.000169811
0.0123727
0.00245962
0.00106114
0.00169439
0.000677291
0.000673888
0
3.60866e-06
-0.00482561
0.000247909
0
1.50807e-05
0
0.0152444
5.60111e-05
0.000387238
0
0.000647144
0.000288432
-0.000138012
0.00300143
-1.28271e-05
0
-0.0012892
-7.73975e-07
0
-0.000138182
0.00288769
8.1605e-05
0.00857805
-0.000160921
0
0
-6.29626e-05
2.41024e-05
0
-1.15057e-06
-0.00832659
-3.33391e-05
-8.71105e-06
-0.000219019
-5.32109e-08
-0.000465146
-0.000883628
-9.5156e-05
0
-6.4373e-05
-0.000246384
0.00408664
-0.00714216
0
-1.82393e-05
-1.44152e-05
-2.8065e-05
-8.16011e-07
0
-9.48349e-06
-1.92795e-05
0.000752457
-0.00555015
0
-0.00161803
0
0.0087569
-0.00395785
-1.31647e-06
3.14047e-05
-2.15063e-05
-0.00123735
-0.00624745
-6.71472e-06
-9.15098e-05
-1.5037e-07
0
1.23753e-07
-2.96813e-06
-0.000699293
0.00717144
-0.000280549
0
-0.0106086
0.000743974
4.70507e-05
-0.000541051
0.0138882
0
-0.0112703
0
-0.000433229
-0.000187342
4.09836e-05
-9.52478e-05
2.3469e-05
-0.000560797
0
-0.000139578
-2.01206e-05
-0.00240081
-0.00264895
-0.0007556
-0.000202894
-0.000758461
0.000202991
9.65693e-05
-5.32216e-05
-0.000864068
-0.0158828
0
-0.000141242
-0.000533453
4.14894e-05
-0.0115675
-4.46423e-05
-7.18598e-05
0.000264796
-0.00124319
-1.94824e-06
0.00394209
-1.05817e-05
0.00171048
0.00370405
5.9747e-05
-7.8027e-05
0
0
0.0106991
-0.00152426
0.0129132
0
-6.66391e-05
-0.0142324
-0.000590906
-0.00012055
0.0186591
-4.44842e-06
0.0049121
0.0084382
0.000434313
-0.00431692
0.00740596
-0.00775506
-0.000983671
-0.00127664
5.26596e-05
0.00527748
1.52358e-06
-0.00191768
-0.0942707
0.000229292
1.61528e-05
-2.04482e-05
0.00123683
-0.00395683
-0.00157618
-0.349803
-0.0321737
-0.579506
0.130402
0.000183741
-0.000215215
-4.57954e-07
0
-1.3492e-05
-0.000229373
0
-0.160544
0.0606386
-7.53398e-05
-0.00862843
0.00264775
-0.0577431
0
0.0181078
0.00600201
-0.00559882
0.0178125
0
0.043649
-0.0554882
-0.320703
0.00786054
-0.00340317
-0.40458
-0.0162738
5.26605e-05
-0.0243859
0
-0.000199477
0.00099463
-3.35286e-08
-0.00245226
-0.0785756
-0.426618
5.00032e-05
0.054247
-0.000302302
4.34555e-05
0.0202462
0.00176852
-0.0274767
3.56332e-06
-3.21515e-06
-0.183116
5.80522e-05
-0.00181381
-0.00248491
0.0420933
0.00949772
0.0197945
0.0062308
-0.0258496
-0.0361579
-0.24241
0.000217992
0.00323817
0.00159552
0
-0.0449356
-0.0799735
6.25285e-05
0.000398597
2.45365e-07
0.0665649
0.035073
0.000389705
6.30738e-05
-0.0205368
0
0
-0.0691821
-0.195143
0.0485509
-0.0567221
6.41039e-05
0.00373586
0.00140193
0
0
-0.020005
0.00635165
0.479148
-0.00296149
0.448788
-0.00682845
0.009025
0
-0.000179542
-1.78067e-05
0.0488437
0.108341
0.000669628
0.0101659
-0.0327931
-0.0192426
0.000910052
4.5402e-08
0.0586539
0.000208524
0.00115158
-0.112188
0.0627093
0.0126665
-0.318386
-0.0701048
-0.035423
0.00255795
0.00154943
0.000607107
-0.00289807
-5.22405e-05
-0.126285
0.0179809
0.0188379
-0.00460765
0.0058087
0.0337467
-0.0202585
-0.00021469
-4.85099e-07
0.0160499
-0.000273909
-0.0111785
2.81657e-07
0.000978312
0.0216107
-0.025111
0.00126998
0.0486912
-0.00516245
0.0387463
0.110463
0.30083
0.597377
-0.0319675
-0.00595205
-3.06487e-07
0
0.00259458
-0.017056
0.00169212
-0.000569696
-7.4022e-06
0.0117688
0.025053
0.00144502
-0.0207581
0.00580285
0.040514
0.014558
-0.00267071
0.314618
-0.000126067
-0.00908091
-0.0324523
0.0175408
0.0164072
-0.00413499
-0.0294
-0.0105528
-0.0588157
-0.0646217
0.0244026
0.00201818
-0.110372
-0.00539744
0.0867639
-1.02978
-0.0163846
-7.68121e-05
-0.0428458
0.00375502
0.0277972
-4.29369e-05
-0.00537528
0.00105029
-0.00248302
0.014198
2.1196e-05
0.154341
0.074486
-0.064448
-0.0102911
0.174134
0.0193226
4.56226e-05
6.19942e-05
0
0.00326947
0.00171339
-0.00215004
-0.00180348
-0.000705489
0.00028142
-0.387463
-0.0233493
-0.00617029
0.0161612
0.0369276
-0.0155293
0.612406
-0.00424148
-0.00834311
0.00551338
-0.000190256
0.0739857
0.0479063
0.111799
0.0175628
-0.0182897
0.0916106
-0.00195968
0.000400372
0.00398307
0.0357022
-0.00292379
-0.22364
-0.0800399
0.00174653
0.0121933
-0.00868005
-0.00102594
-0.0262173
-0.010507
0.0339166
-6.87258e-05
-0.0277177
-0.00628308
-0.00156791
-0.00994705
0.00183296
0.00408966
-2.84448e-08
1.3721e-05
0.0652262
0.0227091
-0.0102262
-0.408664
0.000399652
-0.0528524
-0.00799161
-2.86925e-05
-0.23547
0
-0.0850692
-0.000826699
-0.0197007
-0.161652
-0.000420418
-7.98654e-05
-0.105715
-0.000325515
0.755436
-0.00167571
-0.0080898
0.0336108
-0.123377
0.00177446
-0.0898576
-0.136549
-0.293292
0.0761134
-0.000136585
-0.000111345
-0.00455248
0
-0.070354
-0.0100952
-0.00917785
0.0960034
0.038087
-0.0047144
4.48819e-05
0.0504989
0.00212746
0.00985336
0.00362934
0.0337556
0.000130916
0.0526653
0.0350135
0.00069856
-0.0926553
0.0577672
-0.0446008
-0.00426779
-0.00470084
3.98539e-05
0.00385506
0.00709199
0.0013462
0.00832342
-0.025085
0.00104697
-0.0063356
1.12807
0.00111383
-0.00106777
0.000236454
0.000365734
0.00402877
0.0443478
0
0.00229563
0.0323496
0.152301
0.225213
-0.321443
0.00114575
-7.56503e-05
0.122623
-0.032968
0.196519
0.150417
-0.33046
0.200802
0.096449
-0.0718495
0.0391992
0.0112442
-0.0132936
0.0883497
0.0158306
0.00628401
0.0243003
-0.0116298
0.592167
-0.0383787
0.0110732
0.976887
-0.312586
0.565804
-0.036385
-0.0130183
-0.0031689
-0.000836859
0.0291156
2.32017e-05
0.175412
-0.192502
0.0534458
-0.0138848
0.00436409
0.0761445
0.432186
0.359819
0.491514
0.337298
0.0994851
0.0167475
0.0144609
0.00783347
-0.339468
-0.0600706
-0.00972855
-0.31664
0.0468062
-2.56435e-05
0.060389
-0.00266566
-0.186546
0.362655
0.0899852
0.0776337
0.347188
0.000550113
-0.074845
-0.110816
0.00665929
-0.0212105
0.161761
-0.00196178
-0.107482
-0.0202493
0.00117382
-0.0191559
-0.400959
-4.66571e-05
0.0460443
-0.710379
-0.108406
-0.141159
-0.031139
-0.0494128
-0.321988
-0.547577
-0.298233
-0.388428
-0.00824518
1.18107
-0.413907
-0.069072
-0.0326099
-0.32292
-0.411842
-6.66863e-08
-0.0111432
-1.00605
-0.00999742
0.0124572
-0.000470683
-0.0168385
-0.187846
0.0538172
-0.000687585
-0.0507114
-0.513048
9.64993e-06
0.00224963
0.113797
-0.0246228
-0.0470385
-0.00898319
-0.000612227
0
-0.00094901
2.66826e-06
-0.0656252
2.9723e-05
0.00522468
-0.176352
-0.0206776
-0.197635
-0.189669
-0.265553
-0.0323917
-0.00294729
-3.50661e-05
-0.287609
-0.00560173
0.00235154
0.0222594
0.000291771
-0.000241493
-0.393467
-0.0063715
0.000319937
-0.0960551
0
-0.0243724
0
-0.00729868
-0.0571263
0.00133997
9.80768e-05
-0.00109318
0.479493
-0.0176895
0.12037
-0.00507817
1.32011e-07
-0.177759
-0.00627586
-0.0251674
0.0318163
-0.00213394
-0.00240905
-0.0516696
0.0567975
-0.01117
0.380032
0.388283
0.00891144
0.363383
-0.00494794
-0.000155326
0.0368311
0.149262
0.00578505
-0.00627766
0.00924271
0.113344
-0.255784
-0.237158
0.025457
0.0012242
0.0809306
0.0177934
0.0230911
-0.0858125
-0.136388
-3.06094e-06
0.0172789
4.1348e-05
0.230499
-0.00559839
0.000157412
0.0148771
0.029808
0.0463575
-0.000709858
0.049142
0.0951545
-0.238634
0.300511
0.259136
0.00229093
0.107417
0.010895
0
-2.86344e-05
0.0371486
0.0234371
0.000418954
-0.0134045
-0.0226912
0.00387522
-0.00116429
-0.000571031
0.000719897
2.63834e-05
0.000807874
0.405646
0.0453761
-0.00489817
-0.123873
0.0284967
-0.000454653
0
-0.00224398
-0.00157082
-0.0376754
0.134525
-0.00594163
0.0487212
0.000101669
0.0246878
-0.089927
0.000950378
-0.0316043
-1.43928e-06
0.00516961
-0.375734
0.0894252
0.0050811
-0.806673
-0.261786
0.00347051
0.0352728
-0.351457
0.00875061
-0.000201935
0.0152464
0.000356504
0.0101578
0.00104996
0
0.0115712
-0.0221472
0.00795555
0.0760017
-0.118073
0.0171708
-0.00300479
1.02779
-0.00853349
-0.0182389
-0.0010484
-7.1852e-05
-0.00280886
0.00363521
0.000268502
0.00623063
0.00330576
0.00637089
0.0185223
0.131244
-0.00217484
-1.30685
0.000290462
0.000503516
0.0102107
-0.00444762
-5.42814e-06
0.0111072
-0.0319413
0.100595
0.250858
0.000123367
-0.0358098
0.0148953
-0.00334341
-0.203614
-0.0174418
0.178378
-0.0208644
0.0172096
-0.0412554
0.0611456
-0.0157207
-0.175927
-0.0251138
0.00479584
-0.00359156
-0.0164397
2.04997e-05
0.00636866
0.0145503
0.0066707
0.000277976
-0.133509
0.00433268
0.000144438
-0.156261
0.020948
-0.0210533
3.18537e-05
-0.00270946
0.0082193
0.000169712
-0.0149689
2.07372e-06
-0.294502
0.028191
0
0.000378109
0.000142267
3.03826e-05
0.00434192
-0.00108772
-0.00173752
-3.40523e-07
6.2663e-05
-0.00216801
0.0257049
-0.0746565
-0.306538
0
-0.0283748
-0.971815
0.00332656
1.36733
-1.9288e-06
-0.12669
0.0148306
7.51482e-05
0
-0.000135051
-6.53831e-07
-0.0816781
-0.00907414
0
-0.00194855
-2.33841e-05
-0.00284981
0.0494319
-5.14772e-05
0.0210372
-0.0872135
1.54933
-0.0317786
-0.0485492
0.000240202
0.0169387
0.000138725
0.023975
-0.0291666
8.10498e-05
0.0268893
-0.058914
2.43419e-06
-0.0122831
-0.000827793
-0.0243124
-0.293899
0.370219
0.112182
0.0134898
-0.037134
-0.00868128
-0.000677647
-2.58795e-07
-8.63524e-09
0.000193919
-0.029869
0
0.00272548
-1.94285e-07
0.00914983
-8.60471e-06
0
-0.26509
1.13242e-06
-0.154061
6.03455e-08
-0.143074
0.0205548
-0.379426
0.000113153
0.00248174
0.03127
-0.00200835
0
0.000356206
0
-0.28881
-0.0738604
2.45533e-05
0
0.193654
0
0.000251271
0.0268266
-0.335214
-0.000376748
0
-0.000596748
-0.0130548
0.0321966
-0.00159573
0.00462931
-0.00889791
-4.90445e-06
-0.00878987
-2.09372e-05
-0.00387662
-0.00358258
-1.32749e-06
0.020633
4.55723e-05
0.0932748
0.215913
0.0985312
-0.012886
-0.04798
-0.170785
0.0967007
0.00592672
0.0945325
0.197885
0.0104668
0.0121962
0.00170195
1.00881e-07
-0.35566
-0.0590951
-0.00832705
-0.075933
3.68905e-05
0
-0.000452261
-0.00519826
-0.000807327
-3.17534e-05
-0.000229379
-0.00512188
2.3062e-05
-0.885981
-0.361191
0.019196
-0.221497
-0.0800341
0.0205676
0.0542843
-0.0463207
0.0615739
3.97871e-06
0.0300866
1.85257e-06
-0.00533568
0.050018
0.00903754
-0.0329813
0.154915
-0.0456556
-0.00824614
0.00108562
-2.11403e-07
-0.0872109
0
0
0
-1.06387e-05
-0.00851834
-0.00363829
-0.0083267
0
-0.000242167
-0.0350551
-0.000472684
-0.862703
-0.0073613
0.0134882
0
0.0566185
0.0108837
1.22379e-05
-8.53426e-05
-8.72735e-09
-2.9456e-07
0.000590672
0
0
0.000115977
7.44335e-07
0.0397563
0.000403617
0.00144686
0.246821
-0.0162844
0
7.91647e-07
0.0250678
0
0
0.00109939
-0.0470691
0
5.84012e-05
0.0697628
0.0618131
-2.61354e-07
0
0.03498
-0.000453228
0.000815724
0.0428477
0.0180223
0.00143095
-2.25243e-06
0.0414957
-0.0559391
0.000882086
0.00398483
0.007889
0.0466825
-0.0521884
0.0020353
-0.00568473
0.00339569
0
0
-1.02207e-05
0.000287463
0.00953671
0.00507075
0.0111615
0
0
-0.184392
0.2256
-0.000218033
-0.0102714
0
0
0.433533
0
0.0514485
0.0619874
0.165409
0.324331
0.00278453
0
0.110051
8.12547e-05
-0.0380583
0.129705
-0.000404363
-1.41992e-05
0.0663512
0
-0.00159537
-0.236091
0.00086855
0.0105723
-0.598421
-1.08889e-05
-1.5589e-06
9.92461e-05
0.217532
0.450119
0.577542
0.000440917
0.0120696
-0.0282161
-0.0104464
0.000752938
-0.00309035
0.00565111
3.59449e-06
-0.0269308
-0.321347
0
-0.0265886
0.0138328
-1.05603
-0.00202037
-0.111295
-0.791806
8.24992e-05
3.15745e-08
-0.071382
0.00120915
0.00285496
-0.000873654
-0.00556833
-0.00349404
-0.00771891
-0.00133261
0.000777503
0.0841086
2.82557e-06
0.0676776
0.00548158
-0.313156
-0.507012
0.0847833
-0.130552
-1.22616
-0.120954
0.991146
0
-3.78911e-05
0.130679
-0.152064
0.00974497
-0.524182
0.000124719
-0.192006
0.404252
1.39992e-05
-0.0417971
0.000350774
-0.00509928
0.0109237
0.000113699
-0.0103801
-0.00899189
0.0081389
-0.0145602
-0.17345
0.00321294
0.0235397
1.07082e-05
-0.0375772
-0.00608665
0.0193659
-0.0138558
-0.000141024
0.000136361
0.024837
0.000392086
0.0294173
0.21737
-0.115859
1.30162
-0.591622
0
-0.0384473
-8.34696e-06
-0.00211345
-5.87087e-05
-3.20606e-05
0.0893821
-0.0354208
0.0162806
0
0.0630767
0.0302337
0.00179498
0.610225
0.00177394
0.0280705
0.00122998
0.104731
-0.0158946
-0.0163865
-0.246712
-0.101092
-0.00197823
-0.0855456
-0.0843362
-0.0801145
-0.0249549
-0.15977
0.238819
-0.0266249
-0.345494
-0.278993
-0.106938
-0.324508
-0.229575
0.258918
-0.0880876
-0.0306028
-0.00575479
-0.0617931
-0.305752
-0.0387297
-0.0155532
-0.836195
0.0639897
-0.568485
-0.233742
-0.839186
-0.677284
-0.258165
-0.454024
-0.727175
-0.523975
0.699773
0.00222816
0.000903267
0.0651922
0.313732
0.0831738
0.0110937
0.00216864
-0.00607662
0.0114564
0.0506984
0.413153
0.954374
0.358167
0.532421
0.184489
0.331274
0.164682
0.137158
0.3713
0.328612
-0.0143961
0.0605131
0.119149
0.0101864
0.00134756
-0.00234799
0.0232608
-6.14794e-05
-0.00648463
-0.000548773
-0.128402
-0.0271294
0.0199853
-0.00290616
0.0432665
-0.0155231
-0.0137606
-1.39276
-0.14528
0.0112342
-0.00168734
0.00615562
-0.00546378
-0.0135302
-0.0789696
-0.0726203
-0.192277
0.0354297
-0.00316961
0.505636
0.00226496
0.0207586
0.832145
0.074138
0.0504838
-4.21809e-06
-0.0320563
-0.0991664
-1.45454
-0.0329003
-0.0209298
0.000788624
-0.0273179
-0.0492699
-0.112795
0.0201865
-0.0979637
-0.17062
0.0458448
0.127014
0.0427939
0.384102
0.00138608
-0.0160758
0.567144
0.0384712
1.87174
-0.56455
0.297886
0.00758452
2.74602e-06
0.123766
-0.0197342
0.000577949
-0.0698449
0.0170354
0.101618
0.0272663
-0.154414
0.0509661
-0.0561564
0.0885468
0.113505
0.258677
-0.819012
-0.000778974
0.13945
0.000648614
-0.0428546
-0.198766
-0.147752
-0.355422
-0.0481671
0.0294766
-0.208565
-0.0245868
-0.0865445
0.0199321
-0.51188
-0.00532604
0.012607
-0.0129167
-0.00689833
-0.0229957
0.0324806
0.233655
0.0205233
0.0212277
0.0992632
0.0491244
0.17211
0.0227656
-1.02582
-0.0723939
-0.00163941
0.65494
0.0208732
-0.00377246
-0.00647272
-0.691158
0.0791725
-0.0140741
-0.424678
-0.580314
-0.067867
-2.45398e-05
-0.00191549
6.55626e-07
0.0425649
0.000281373
-0.00911668
-0.00029212
0.00237289
0.0457173
-0.000553828
0
0.000191511
1.34126e-05
-5.15917e-05
-0.00172214
0.034767
-0.000320997
0.0223698
-0.0258669
0
0
-0.00263775
0.000472859
3.04689e-08
4.85093e-05
-0.00555248
0
-7.85173e-07
-0.159303
-0.0398187
-0.176118
0
0.0013319
-0.000349908
3.15775e-07
0.000389535
0.183207
-0.0367681
0.000594943
0.00240546
-0.00803122
-0.0101203
-0.015871
0
0.0168117
0
0.00918841
0.000222329
-0.00135313
-2.23941e-05
-3.11547e-06
0.0085122
-0.00321272
0.00358906
-0.000776491
-0.0110491
0.0103139
-0.0486707
-5.87682e-07
0.157688
0.00094287
-0.000184014
-4.48424e-05
-4.02583e-05
3.89341e-05
0.00305511
0.0030753
0.00113613
0.00120107
-0.00431139
0.0960285
0.000903226
-0.00797851
-0.0857383
-0.00484265
-1.76614e-06
-2.09318e-05
-0.174728
0.00101098
0
-0.00704609
0.00102716
0
-0.000358963
-0.00133948
-0.0116752
-0.0321339
-0.00846227
-0.0171354
0.000252806
0
0.276598
0.00188415
0.0197129
0.000150854
0
0.000248657
-2.09842e-05
-0.000158548
0.0325715
-0.0293579
6.59373e-05
0.000415074
0.000103697
-0.000486076
-0.00681646
0.0332273
0.0208478
0.187743
-0.0740743
0.160781
2.88483e-09
-0.000235178
0.116403
-0.149112
0.0463108
0
0.0234304
0.000186314
-0.000162326
0.0845528
-0.0425776
0.00115042
-0.127921
0.000156803
0.0283963
-0.0198869
0.00689743
0.00442676
-9.73182e-05
-0.0146766
9.28746e-06
0.0062596
-0.0171479
0.000766651
0.0495458
3.73893e-05
0.00911923
-0.0145062
-0.0139192
-0.129178
-3.25392e-05
-7.22977e-11
-0.00791456
-3.02497e-07
-0.00034887
-0.000221361
0.151916
-0.00927768
-0.0207601
-6.01679e-07
0.0149464
-1.00879e-06
-1.65462e-05
-3.46087e-06
0.151881
0.000120077
0.0109266
-6.12815e-05
0.402803
0.000913984
0.00017295
-5.68718e-06
-2.4367e-05
0.0137827
-2.17909e-06
-0.000651193
-0.00739674
-2.99355e-08
0.275467
0.0222141
-0.106737
0.493767
-0.0128595
0.012741
0.00390718
0.00127235
0.628897
0.00265412
0.383674
0.00167025
8.67492e-05
1.8547e-08
-0.000203894
0.00826729
0.0648248
-0.0449999
0.0476839
0.129907
0.0634757
-5.72548e-06
0.0856163
-0.0629871
-0.00438885
0
0.0110906
-0.000457717
0.01453
0.0014682
0.000135622
-0.0130791
0.00719371
0.000316672
8.39522e-05
-0.129532
0.00207385
-1.55781e-06
-0.000105064
0.00816807
0.00632287
0.00117169
-1.46202e-05
0.00110942
0
0.000515054
-0.000297309
0.219686
-0.00159071
0
-0.00104972
0.0146383
0.0927207
-0.00328052
0.0277706
1.28655e-06
0.0736323
0.000330813
-0.630853
-0.00548927
5.36697e-06
0.000545871
0.00594284
-0.497212
0.127669
0.0418623
0.0174168
0.153736
0.237595
1.20466
-0.00567
0
-4.89828e-05
-2.69586e-05
0.0101214
-0.00537032
0.00995524
-0.000878173
-0.0308299
0.0254782
-0.00351941
-0.494096
0.0163488
-0.0175812
-0.0017169
0.00825211
0.00937693
-0.0182561
-0.026332
0.000299268
-0.000251424
-0.000125696
0.00342605
0.0180352
0.000115261
0.00332861
0.216109
0.000982297
-0.58475
0.159252
-0.00489823
-4.85152e-05
-0.427928
-0.0542384
0.00454829
0.0403011
-0.00634492
-0.211383
4.8634e-06
-0.000774954
-0.00390324
0.000885188
0.0105405
-0.00421932
-0.199474
-0.0156434
0.0114732
-0.18717
-0.253147
0.76403
-2.69762e-07
-0.138123
3.3367e-05
-0.0512475
0.000317119
-0.000988509
-0.0420278
0.00913863
-0.000457088
-0.0432281
0.0407561
-0.0153815
-0.00517277
-0.107248
-0.00905298
-0.220608
-0.0510356
-0.0929035
0.0351795
0.053031
0.000818869
-0.00110993
5.56073e-05
-0.00234376
-0.00118719
0.000485954
0.130126
0.182815
0.0296962
0.000908216
-0.0442924
-0.0659483
-0.00201931
-0.880726
0.0323424
-0.0652273
-1.38736e-07
-0.00119388
0.159778
0.0544622
0.00679466
-0.00804175
0.0629423
0.041544
0.182575
0.657351
-0.0288244
-5.31939e-05
-0.0634848
5.83007e-05
0.00227272
-0.0176973
0
0.041138
-0.0292774
-0.152007
0
-1.44281e-06
0.0206226
0
0
1.75943e-05
0
0.00206785
-0.012049
0.000196724
0.00522173
-0.000174023
-0.00949993
-4.21879e-05
0.126015
-0.00013761
-0.00668448
-4.66881e-06
-0.0195929
0.00430722
-0.00197211
0.0272604
-0.0107932
0.000403064
-0.000431789
0
0.00141967
0.100901
-0.000415607
0
-5.70319e-05
0.0798695
-0.0986876
0
-0.000574984
0.000127395
1.72103e-06
0.0764726
-1.34757e-07
-0.135845
0
0.000763574
0
0
-0.00369972
-0.00733465
0
-3.50127e-07
0.00496608
0
0
0.0101675
-0.00175062
0.0272607
0.000128815
0
0.00984268
-2.49057e-06
-0.0567497
-0.000181957
-2.50435e-05
0
3.50045e-06
-6.99387e-05
0
-0.106825
0
0.05442
0
0.0122418
2.00617e-05
0
0
0
-2.74335e-06
0
0.00112277
-1.50668e-05
-0.0183639
0
0.0164921
1.42755e-06
0
-8.3715e-06
0
-1.53647e-06
2.59144e-06
0.000428593
0.00260144
0.0229826
-0.0444569
0
0.0545636
0.0221886
-0.016047
0.00034994
-5.94947e-05
3.26315e-06
0
-0.0376371
0.00302795
-0.0354188
0
3.32015e-06
0.0173636
-0.0695913
9.4899e-06
0
-1.06133e-05
-0.00393827
0
0.0475501
0.0740585
0.0024081
0.00425131
0
0.0587269
0.0855508
-0.00147338
-0.0012221
-0.0150828
-4.61558e-08
-0.0258154
-0.000200203
0.0464782
1.3618e-08
0
0
-2.36541e-05
-0.00524644
0
0.0125975
-0.000388001
-0.000247236
0
-0.0368067
4.12614e-06
0
-0.0278552
0.0894647
0
0.00122212
-0.000670556
0.00010548
0.174188
0
-0.0535517
-0.0709385
0.00110147
-0.000200459
-0.00426623
-0.0571704
0.0505873
0.182356
-0.117877
-0.020823
-0.410956
0.0643404
-0.0374583
0.000234263
0.41181
0.0495631
-0.0723558
0.000384137
-1.94323e-06
0.0477626
0.000846601
-0.0191036
-0.000181509
-0.0041262
-7.70553e-05
-0.0472506
0.117466
-0.0363329
0.00256792
-0.0153472
-0.00297491
0.522266
0.000354935
0.00238773
0.00716717
-0.00915953
5.0007e-05
0.00790793
0.000253195
-0.000200988
0.16355
0.163847
-0.0483454
-0.0034278
-0.507965
-0.0770733
0.210329
0.001413
0.00919523
0.0383787
-0.0025694
0.000787579
0.0665172
0.0584754
-1.88792e-06
0.000284001
0.270184
-0.506619
0.0065431
0.00047686
0.185402
-0.0231644
0.0390886
-0.00605892
0.00031084
0.316335
-4.45498e-05
-0.000520631
3.11925e-05
-0.000204825
-0.00370474
0.00153309
0.0207167
0.309981
0.181298
-0.150389
0.00653726
0.778232
-0.121997
-0.0441989
-0.00392838
-0.00065605
0.00986863
-0.0115414
0.00482803
-0.00798506
0.0114164
0
-0.000399119
-0.000878081
-0.231897
0.0131308
-0.000874887
0.00849688
8.01551e-06
0.000783501
7.06438e-08
0.0964639
0.000258111
0.142987
-0.0172919
-9.16905e-06
9.91145e-07
0.00481613
5.15781e-05
-0.0550994
-7.12885e-06
-0.00164749
0.013648
0.071426
0.0048081
0.00136742
-6.79568e-08
0.343572
0.000162251
0.0316589
0.00160783
-0.00280929
-0.000470266
0.113723
0.0215629
0.305344
0.0245347
0.0054938
-0.0815293
0.00197753
0.0769751
0.000655582
0.0234598
0.0849454
0.000198572
-0.000325562
0.00358624
0.00733266
0.0160752
0.0773051
0.00628895
0.0350655
0.0352119
0.000250656
0.000700689
0.00140405
-0.0011043
0.000356904
0
0.00209585
0
-0.00848052
-0.000425968
0.0480679
-0.0589431
0.00670787
0.0143254
-1.22569e-06
-0.0660042
-0.00126589
0.00155435
0.486844
0.0400043
0.000153426
0.0515962
3.0926e-06
-5.15239e-06
0
-0.0153778
0.00714444
2.05437e-06
-0.00175265
-0.12286
0.0166259
0
0.019031
-2.853e-05
0.0913061
0.126873
-0.0582213
-0.217504
-2.29451e-06
0.0904719
5.21127e-05
-0.0180017
0
-0.0817099
-0.00273096
0.0366402
-0.0170261
0.00503142
0
0.0017907
-0.0246245
-0.0940384
-1.41928e-05
0.000202063
0.101862
0
0.000982284
0.0216789
5.88445e-06
0.00333542
0
-0.553115
0
0.182203
0.00142381
-0.000441353
0
0
0
-0.000107444
-0.0073473
-0.0210895
-0.00158941
-0.00268906
-0.000213486
0.00306307
0
0.000495025
-2.13832e-05
0.00113481
0.315397
-0.023735
-0.205473
-0.0719568
-0.0230515
0.37116
0.366881
0.000220906
-4.11256e-05
-3.60906e-06
0.0120563
0.126899
-0.000512169
0.176447
-0.00450223
0
0.186196
0.0276181
0.0245786
0.00703191
0.00179752
0
0.000822142
-0.000466605
0.0423111
-0.741371
-0.0159183
0.0236897
0.106192
-0.00700137
0.0103746
0.0147469
0.00275091
-0.224894
0.0368537
0.000757067
-0.0690791
0.488598
-2.94553e-06
-0.0521282
3.64127e-08
0
-0.00407979
-0.0236539
0
0
-0.133302
0
0.00458176
0.034885
-0.000364903
-0.0121504
-0.000393472
0.0358201
0
-0.00505603
-1.75651e-05
-0.0651881
-0.258726
-0.0674886
-0.00174981
-0.0214725
-0.400387
0.00493242
-0.000104073
0.535157
-0.00164647
0.0671142
0
-0.00135737
0
-0.0317381
-0.000539048
-0.0379335
0
-0.0327493
0.0027966
0.000934825
-1.88064e-08
-8.53575e-07
0
-0.00753933
-0.0300062
0.0618388
-9.57512e-05
0.0373508
0
-0.0107218
0.000151083
0.00848194
0
0
0.00207287
-0.0197888
0.00941813
-0.0265413
0.00958362
0
0.0159563
-0.000113339
8.20896e-05
0.000146511
-0.0252774
-0.000144907
4.99368e-07
-0.000463519
-9.34534e-05
0
0.00782628
-0.000202308
-0.000437909
-1.5879e-05
0
0.00895417
0.046201
-0.000119782
0
0
0
0
0
0.0163986
0
-0.0350683
-0.00016402
0.0417563
-5.89472e-05
2.62753e-05
0.00586429
2.31119e-05
-0.000614279
-2.90392e-05
-0.00723118
-0.00967659
0.00136744
-0.00658742
0.0295006
0.000174693
0.0319989
0.0231143
-0.00263665
0.0172701
0.00661647
-0.00600537
-0.0642946
0.000282769
6.50056e-05
1.23845e-05
-6.55362e-06
0
0.000471056
-0.0100247
-0.133031
0
0
-3.20223e-06
0.0112973
-2.51519e-05
2.40767e-07
-2.36342e-05
0.0321449
5.71774e-05
0.0101465
0
7.35693e-06
0
-0.000224456
1.10846e-05
0.00213213
-2.04905e-05
0.000909699
0.000593558
0
0.000580502
0
6.74487e-05
0.00685319
7.21244e-06
0
0.00151055
-0.000116694
0
0
-0.00062864
0.00950841
-0.0138685
0.0942373
0.000827026
-0.00708491
0.00770825
-2.08311e-05
-0.0714631
-0.00126101
-0.0134355
0.0175398
-0.0141317
-7.95741e-08
-0.039582
-0.0108266
-0.115294
-0.000142922
5.14258e-05
-0.00477818
0.0280896
0.000629736
0.00299995
-0.0038725
0.000141346
6.07182e-05
-0.00047584
8.11228e-05
-0.00417273
-0.00127226
-0.00667359
-0.000429297
-0.238688
0.0629104
0.016458
0.026984
0.141784
0.00598985
0
0.179144
0.00454442
0.00110099
-0.206209
-0.00259157
0.00648756
-0.560346
0.17298
-0.0004635
0.000125967
1.79728e-07
0.172977
0.0701748
0
-1.3473e-07
0.00169313
-0.022999
0.000852588
0.00356232
0.000610406
0.00334663
4.61717e-07
0.000729459
0.000564336
-0.000409641
0
0.038619
-0.559074
0.0715987
0.443309
-0.0107982
0.000346149
8.50137e-07
0.252126
0.0130116
0
0
-0.0165015
-0.000938622
0
-0.00622731
0.000658532
-0.0304513
0.0259812
1.92746e-06
-7.84745e-05
-2.10543e-06
-0.00203254
0
-0.104902
-0.000759116
-1.16664e-05
-0.00190337
-0.000174009
-0.00366734
-0.0223175
-0.011047
-0.0848888
-0.229574
0.058114
0.0691132
9.78937e-05
-0.0127266
0.0326556
-0.124888
0.0395914
-0.00631584
-0.0364701
-0.0209246
0
0
0.191844
-6.9026e-05
0
0.00118437
0.741871
-0.00211664
-0.451778
-0.0017132
0.00120543
0.000125228
3.88112e-05
4.14237e-08
0.00733925
-0.0513179
0.028278
0.0149539
0.0309252
-0.00293064
-1.03916e-06
0.268961
-0.0221533
0
-0.03756
2.56074e-07
-0.250635
-0.0294217
-0.212853
0.25657
-0.000545318
1.84875
-0.0235591
-0.00806649
-0.00315206
-0.0107707
-0.107817
0.0678071
-3.85262e-05
0
0
0
0.000465122
0.000111608
0.00493549
0.000439093
0.0398793
0.00696312
0.00621084
-1.91617e-05
-0.0329586
-0.00334881
5.7137e-05
-0.000530329
-0.00799044
-0.0240408
2.16382e-05
0
0.00134077
0.00527569
0.0182328
-0.152259
-0.000157518
1.16485e-05
-0.000639805
-0.0958733
0.000241856
0.0970471
-7.7247e-05
0
1.48384e-05
0.0526134
-0.000195691
0.00443856
-0.00293353
-0.0284469
0.00104921
-0.0156257
-0.0119217
-9.05488e-05
0
0
5.7476e-06
-0.0334
-0.492465
0.0659038
0.201624
0
0.0803322
0.108504
0.44057
0.00214399
0.0589602
0.0716235
0.882014
0.0677813
0.0517019
-0.107527
0.000323628
0
-0.088187
-0.00740055
-0.00318258
-7.1583e-07
0
-0.0019155
-0.00076435
-2.18636e-05
-0.000314926
-0.0152278
0.00975034
0.0381942
-0.0210151
-0.19957
0.0334825
0.0219813
0.0075549
-0.000622253
-0.00123714
-0.098839
-0.000257362
-0.000277323
0.00866049
0.012828
-0.00452882
0.0255358
-0.0236572
-0.00318723
-0.00292851
-0.0493522
-0.00281463
-0.00716524
-0.00650344
0.00227483
0.00338723
9.13138e-05
-0.0253217
-7.89051e-05
0.00256837
0.0317126
6.20526e-07
6.36028e-07
0.000728107
0
-0.196439
-0.00112689
0.000258964
-0.196896
-0.0215184
-0.0700091
-0.00646546
-0.25674
-0.3425
0.100254
0.268159
0.215591
-0.000590111
0.00037674
-1.82864e-05
0.00113155
0.00102169
0.00300674
1.48382e-06
-0.0110662
-3.32095e-07
0.0170695
0.107901
0.0482621
0.0440285
0.0461162
0.145971
-0.0261184
-0.000138019
0.00664586
0.00497963
0.0455099
0.0077739
-1.12929e-06
-4.3286e-07
-0.0168328
-0.344383
0.0321678
-0.157567
0.198799
0.00030663
0.221217
5.81606e-05
2.06724e-06
-4.63721e-08
1.99507e-05
0.00337623
-0.0351846
3.23281e-05
0.000350912
0.00227036
0.700998
0.001469
-0.00519115
-0.00013483
-0.00302447
-0.0590755
-0.0892668
-0.0398748
0.413511
1.33004e-05
-0.0412016
0.0027746
0.131488
-0.081769
-0.0214137
-0.000147935
-0.202405
0.0949947
-0.11294
-0.0424947
3.71667e-05
0.0926624
-0.0667144
-0.00108164
0
0.0247907
0
0.102753
-0.0148723
0.0832255
-0.0104234
-0.00186567
-0.621507
0.00055868
0
0.000309372
0.087001
-0.00289973
-0.0449335
3.00445e-05
0.0100637
0.119364
-0.00349731
-0.0447027
-0.0201321
5.6272e-07
0.00202878
-0.0678193
0.000586257
0
0
-0.00968358
0
-0.0919671
0.421957
0.0583597
-0.00957682
0.00133666
0.000108637
0
-0.00524461
0.069687
-0.00345447
0.0532993
0.104653
0.0769884
0.073962
-0.000933358
0.000369939
-0.106983
0.0011101
-0.00312819
0.00179957
3.09255e-05
-0.00331025
-1.18164e-05
0.3192
0.0618585
0.0298958
-0.0030474
-3.24454e-05
9.43796e-06
0.177667
0.148796
-7.03169e-05
0.0762968
0.0591944
0.083497
-9.62251e-05
0
-0.0643117
-0.0299824
0.117396
2.02449e-05
0
0
1.62848e-06
-0.484386
-2.63228e-08
-0.0693551
-6.86676e-05
0.000132269
-3.14447e-07
-0.000636226
-0.0220715
-0.00185437
0
-0.131863
-8.85268e-06
0
0
-2.19349e-05
0
-0.485918
-0.0492784
0.00127375
0.00763436
0.0883469
5.59888e-05
-0.00177623
0.130894
-0.00229978
-0.0134722
-0.0956024
0.000788026
0.0143543
0.000127691
-0.2168
0.145971
-1.65646e-05
0.0181165
0.00215818
-0.00204005
0.00735508
0.00179568
-0.0259198
0.0142553
0.00292976
0.000779162
-0.0183637
-0.000333088
0
-0.00893369
0
-0.0336776
0.0286017
0.000956934
0.000166413
7.0595e-06
0
-0.0525845
-0.203191
0
0
0.0305611
0
-0.000732357
1.75264e-05
0.231263
0.0927701
4.09725e-06
0.00238971
-2.93417e-05
-0.000244443
0.0343208
-0.0917491
-7.55167e-08
0.00496016
0.468312
0.00115115
0.0455727
0
-4.83217e-05
-2.10133e-05
0.0475439
0.0204177
0
0.00194083
0.994167
-0.0354171
0.010499
0
-4.25586e-05
0.00242314
-0.133452
-0.606895
-4.23152e-05
-0.0261659
0.00549107
-0.174543
0.0202363
0.00483479
-0.062226
0.00119316
-0.0065404
-0.0217543
-0.00788191
-0.0114497
-0.0233615
0.000127018
-0.00939193
4.94964e-05
-0.028624
-6.66849e-05
0
0
0.237803
-0.00267227
0.0116044
-0.054608
-3.22753e-06
0.0177541
-0.180266
0
0
-0.00266302
0
0.356032
0.065836
-0.0298967
2.25623e-05
0.0363258
-0.228657
-0.0386163
-0.0113264
0
0.344459
-0.280223
0.00284206
0.0499873
0.100911
-0.426374
0.0384973
-0.37959
0.000371057
0.00187874
0
0
-0.00843243
-0.00344146
0.012415
0.000139603
0
0.262539
-0.000105242
5.70277e-05
-0.000257921
-0.000816926
-1.4537e-05
-0.0499192
0.000161027
0.00312777
-0.00162359
-0.224034
0.00934486
0.0187048
0.232241
-0.00920204
-0.000391468
0.00893038
3.19533e-06
-0.870553
0.234318
0.112826
-0.250637
-0.021851
0.000109448
0.00472401
-0.113314
-8.96354e-05
-0.0337579
-0.0577736
-0.0700701
0.0736389
0.0944797
-0.00245275
0
0.0314354
0.00287142
8.44342e-07
-6.51936e-05
-0.0750997
-0.0746823
-0.0657566
-0.0361552
-0.0029067
-0.151384
2.06168e-05
-1.47951e-05
4.74277e-08
0.0293156
-0.00984654
2.97593e-05
0.0748806
3.29794e-05
9.87489e-06
0.00245205
0.278152
-0.000216308
-0.00628226
0.0405246
-0.00414112
0.00269399
0.0387099
0.02309
-0.025936
0.0470041
-0.000465768
-3.70057e-05
0.0035404
-0.00165243
-0.00620079
0
0.250531
0.00586172
0.293631
-0.000165908
0
-1.506e-05
-0.0107712
0.0225585
-0.110937
0
-0.000383983
-0.00201182
6.29482e-05
0.00834207
-0.00306128
0
0.000573145
-1.5231e-05
0
-6.58864e-07
-0.00623317
-0.00180704
-0.0510323
-0.0163121
-0.037334
0.0245747
-1.04568e-06
7.8983e-06
0.117771
-0.0249217
0.077985
0.028732
-0.00393969
0.010123
0.216845
-0.00373431
0.0387684
0.00151734
0
-0.0201956
0.088259
-2.30796e-07
1.39866e-06
3.92136e-05
-0.0790359
-0.000145041
-7.15743e-05
0.0101633
7.27107e-05
-0.0051875
2.56489e-05
0.00197634
-0.00222699
0.00163257
0.0333898
0.000302851
0.00355147
0.00480678
0.000690877
0.192545
0.192103
-2.46952e-05
-0.0442965
-0.0385525
0.000322502
-0.0194905
-1.56665e-05
0.00170876
-0.000184526
-2.05621e-05
5.74626e-06
-0.00193134
-1.12039e-06
-0.00209381
0.00106691
-4.53913e-05
1.84016e-05
-0.0259301
0.0528418
-0.0759782
-0.00444866
0.0143457
-0.000609949
0.00697857
0.000448835
0
-0.0014181
0
0
0
1.32867e-06
0.112656
4.75712e-06
0.000108677
0
0
-0.00345676
0
3.68685e-05
1.3685e-05
9.43372e-06
5.4358e-08
-0.000269636
0.234725
-0.0288716
0.000667414
0.000722232
-0.318862
-0.0524368
0
-0.361864
-0.00287739
-0.093964
-0.0447746
0.0047215
-1.49335e-05
0.00670958
-0.014512
-0.00854039
0
-0.056474
-0.0122996
-7.11235e-07
0.000768157
-0.0721919
0.0649976
0.00117324
-0.000127238
0.00611781
-5.98364e-10
-0.00167751
0.000887875
6.50654e-07
-0.00362888
0
-6.05867e-05
0.0154183
0.0200401
0
1.34735e-05
-7.03842e-05
-0.0141575
-7.26352e-05
-0.00205828
-0.00145068
2.77546e-08
-0.365066
-0.0870436
0.000491626
-0.0106372
0.00256189
0.00218503
-0.0102853
0
-0.150874
0.00358179
-0.317926
0.0165538
8.12416e-06
-0.00209714
0
-7.17568e-06
0
-0.00592703
0.000168078
0
-1.63875e-08
-0.000168424
-1.5554e-06
-0.0104172
-0.000115728
-0.0711224
-1.07582e-06
0.000586151
0.000755488
0.000668044
0.0249938
0.000604806
0.011802
0.0722282
-0.0092811
0.00053337
0
-0.000618619
-0.467943
0.0276936
-0.00561997
0.144644
-0.0210106
-0.0144537
-0.000172754
0.348534
0.011638
0.366554
0.464145
0
0
3.8964e-06
6.12146e-05
-1.46544e-05
-0.0385261
-0.00733734
0.000446883
0.00957182
1.17776e-05
0.092415
-0.06056
0.000140521
0.00216114
0
0.0291244
1.16862e-05
0.252484
0
0.333691
-0.113058
-0.0355655
-0.00648052
0.000161753
-0.0586169
8.94534e-05
-2.18723e-05
0
-0.000229208
0.00151472
0
0.0258074
-0.0208036
0.182661
-0.0154336
0.0173091
0.0482006
0.00549979
0.000293395
0.306321
0.00726215
0.00293052
0.0439579
0.000245282
-0.0113129
0.122632
0.156577
-0.179809
-0.0169916
-0.0119826
-0.339215
-0.000427019
-0.00035113
0.103245
-0.000326188
0
8.25808e-05
-0.00180661
-0.000119595
-4.10684e-05
-0.000774995
-0.000329629
0.144128
0.00105283
0.00370046
0.0198269
-0.00208841
1.18566e-08
-0.000508599
0.00108076
0
-0.0790999
-0.00227693
-0.00189543
0
-0.0119092
0.000693583
0
0.0320399
2.48624e-06
3.44401e-05
0
-8.89768e-07
-0.000224728
5.30251e-05
0.0185925
0.0751397
0.00179308
2.16034e-05
1.70117e-06
0.0338344
-0.00965501
0
-3.86372e-05
0.0670006
0.189204
0.0149481
-0.0847251
-0.0211133
0
0.00013917
0.000423779
7.15932e-05
0.0371779
0.0352473
0.000384391
-0.102876
-0.0198887
0.000100838
0
-0.00838771
0.0188726
-0.312228
-0.0359508
0.000655988
4.97934e-05
-0.0032117
6.74272e-08
-0.0397754
0.324715
-5.53624e-05
-0.0450388
0.0230366
-0.00456754
0.000728239
0.0850618
4.27576e-06
0.0129819
0.00328328
-0.00138664
5.77449e-06
0.00431043
0.00140548
-2.15592e-06
-5.14748e-05
-8.49056e-05
-0.000607537
0.011158
-0.0495541
0
-0.00621471
-3.33736e-05
-0.00291055
-0.000167418
0.00011803
-0.00341876
0
0.0107189
0
-0.000359828
0.00197009
0.000442409
0.277022
0.0187015
-0.00114266
-0.0273103
4.60846e-06
0
0.000472223
0.010199
-4.94527e-07
0.000263026
0.00919993
-0.000533649
-6.82188e-06
-7.02658e-05
0.000181532
0
0
0
-8.06802e-06
-3.86867e-05
-0.00891288
0.00566143
0.00612704
3.83238e-05
0
0.0149466
-2.4041e-05
-6.51095e-05
-0.0224527
-0.151388
0.0257075
-0.138738
-7.44432e-05
-0.32456
-0.0524807
-0.0116639
-0.0095417
0.0133271
0.00376362
-0.00241387
-2.84644e-05
0.002415
-0.00610012
-0.182486
0.00541432
0.107116
0
0.000128635
9.86757e-06
0.0141685
-3.58055e-05
0.00671399
0.0310897
-5.35053e-05
0.022995
0.085307
0.020957
-0.00611583
0.000838664
-9.5404e-05
0.0100253
0.0038342
0.132084
-4.50481e-07
0
0.0675778
-4.60485e-07
-0.00644143
0
0.0150124
-0.00389251
0.00201671
0.0375219
-1.96334e-05
0.0024733
0.00758842
0
5.90976e-05
0
0.0131968
1.28045e-05
0.0115947
-0.0208747
-0.000744381
0.000124161
-1.73327e-07
-1.45101e-05
-2.45989e-05
-0.0053062
-0.140997
0.000198661
-0.0146488
0.00120593
-0.00960386
0.0177918
-0.0315239
-0.0531775
-0.00843618
0.000621017
-0.00688199
0.00429625
0.00014218
-0.000625978
-1.94518e-06
0.00341913
0.0106133
0
0
0.0184986
-2.37628e-06
0.00228055
-0.000199415
0
-0.00823773
0.00660564
0
-0.000508827
-0.00248366
-0.0652897
0.000583445
0
-0.149489
-2.89787e-06
-0.0131917
-0.0315242
0.000538539
0.000636666
3.71132e-05
-0.00198124
0
0.000161115
0.0051605
-0.0440303
-0.0015363
0
5.62709e-06
0
-0.00500508
0.00143239
0.359004
-3.17664e-08
0.0033198
2.22724e-05
0.00616671
-0.000399127
-0.000225306
0
-5.62444e-05
-0.0303183
-0.0141417
-2.07175e-05
-0.000195384
-0.0035758
-8.97478e-06
0
-6.3909e-05
-0.0181283
1.10479e-07
0.0164236
-0.0177409
-0.0545493
0
-0.000336412
0.0278296
0.000220798
-0.00173453
-0.00268658
0.0915743
0.00191191
0
0
0.00523536
-0.00617507
-2.31144e-05
1.88044e-05
-3.0022e-07
-5.34378e-05
-3.07824e-06
8.20881e-05
0.174355
0.360602
-0.000519647
-3.05166e-05
0.188742
0
0.00470093
-0.134238
-0.36752
0.00162773
0
0.0742856
1.38289e-08
-0.00738932
0.000573847
0.042796
0.00518066
0.0837587
0.382562
-0.00559217
0.140416
-0.0122005
-0.00790413
0.0177266
-0.0329032
0.00989717
0
-0.0100904
-0.014093
0
-0.0210262
-0.00797552
0
0
0
0.00480176
-0.000461347
0
-0.000171937
0
0.0347251
0.937772
0.0189535
-0.367843
4.5946e-05
-0.016911
-0.000836997
-7.26339e-05
0.000100481
-0.0163142
-0.364394
0.00578248
-0.000634039
-1.48543e-06
-0.0512843
0.0974427
-0.00112193
-0.000689166
0
4.35288e-05
0
-0.609592
6.73571e-06
0.00206816
0.0241926
-0.0026045
-0.0164972
-0.00228659
-0.0154467
1.30521e-08
0
0.00671452
0.424504
-0.0318639
-3.08551e-06
-0.00566433
0
-0.0687864
0
0.0473289
0.147022
0.000332287
0.000484746
0.0199814
0.00273915
-0.402161
0.399413
1.986e-05
0
0
0.00348133
0.00228582
0
-0.00347344
0.414379
0.00222321
-0.118565
0.00196027
0.00290787
-0.0456101
-0.00016023
-0.182757
0.429134
-0.0533372
0.0214817
-0.231996
-0.118726
-0.00514341
-0.020136
-0.00551364
2.09096e-08
0.000978858
0.0234108
0.0267866
-0.00242972
0
0.000394471
-0.102485
0.0107846
-0.00284183
-0.00762974
-3.22988e-05
3.73828e-06
-0.0996956
0.0262498
-0.181765
-0.111671
-0.010797
0.00903133
-0.0132291
0.0295365
-0.876343
0.000755888
-0.0256685
-9.22969e-06
0
-1.09081e-06
0
-0.00204181
0
0.0566973
0.221543
0.0530574
0.14951
-0.443592
-0.0282655
-0.00416514
-0.00169154
-5.64962e-07
-5.36705e-05
-0.00062451
0
0.0135065
0.0220849
-0.00024633
-0.0765956
0.000594673
-0.229707
0
-0.00484753
0
-0.000144495
0.00726738
6.23191e-06
0
0.000789881
0.105186
0.026567
0.043215
0.0213333
-0.0105797
-0.438576
0
-0.160536
0.032637
-0.123591
-0.0768832
-0.340929
-9.81654e-06
-0.229076
4.38736e-05
0.00433644
-0.0260772
0
0.289731
-0.00118417
0.00111876
0
-0.0854655
-4.90617e-07
3.58262e-05
-0.0438181
0.00229553
-1.28652e-05
-0.562671
0
0.000167077
-0.0409863
0.220531
-0.00351875
0
0.14705
0.0095203
-0.00125228
-0.174324
-0.581568
-2.27375e-05
0.00430915
-0.24988
0
-0.0732387
0.021764
-0.00048036
-0.308001
0.00509202
0.402461
0
-0.052151
0.247517
-0.328914
0.00215951
-0.102755
0.0133747
-0.000164104
-0.22927
0.00270109
-0.0375509
-1.40501e-05
0.00697068
-0.0340857
-0.0243021
-0.00020867
-6.23646e-05
0.0119515
2.85338e-05
-0.00375124
-0.000133186
-0.0888041
-4.68188e-07
-0.00194466
-4.43469e-05
-0.00651207
-0.0562076
0.100418
-0.158488
-0.0481324
-0.000416227
0.0464365
-0.000758717
0.0330974
0.360212
-0.264033
0
-0.23364
0.0209275
-0.00268147
-0.00805418
-0.0506562
-0.0727836
0.0426592
0.00105942
0.00162059
-3.85242e-05
0.0230442
0.589474
0.00309228
0.00292164
-0.000292369
1.41466e-06
0
-0.000177047
0.0026357
0.00183079
-8.58923e-07
2.71851e-05
0
0.000235311
0.614818
-0.00085442
0
2.94952e-05
-0.0118317
-0.000732138
0.00183878
-0.338143
0.00565466
0
-6.18407e-05
-0.00898816
0.0119454
0.0418479
-0.016251
-4.40403e-06
-8.04087e-05
0
0.00286639
0.0536422
0.00976034
8.74992e-07
-0.00160698
0.00656265
0.0616052
-0.0126039
-0.00505636
-8.31109e-05
0.0108991
0.000931736
0.00113179
0.000240112
5.02583e-08
-0.0231547
0
-0.000310907
-0.00165978
-0.147078
-0.0236327
0
0.00218427
0.018243
9.48995e-07
0.00584875
-0.0722761
-0.0227386
0.0315154
0.0490874
0
-0.0270465
-0.000237899
-0.000699838
-0.478345
1.01295e-06
-0.00562222
-8.80864e-08
-0.0643853
-0.000411031
0.0618891
-0.0813189
3.08949e-05
0.00321712
3.18931e-05
0.00435664
0
-0.00757035
-0.335312
0.0218151
-5.5042e-05
0.0129023
-0.230743
-0.0177602
-0.313521
0.00113893
0.140325
0.0588276
-0.206902
0.000213352
-0.00157841
0
0.242747
-0.444261
5.86832e-06
0
0
1.95272e-05
1.13497e-06
-0.000145007
0.00506411
0.00141102
0.00741158
0.00735257
-0.00744672
-0.30417
0.00011402
0.000341571
-0.00129841
9.52309e-06
-0.0404791
-0.0391653
-0.0318533
0.0187263
0.031925
0
-0.00595743
-3.23624e-05
0.000399531
0.0260303
-0.0108118
-0.00038354
0.0183542
0.0285449
-6.38347e-05
-0.000181732
-0.0102013
0.0110508
0.0123602
-0.0128715
0.0014959
-0.00944242
-0.0289725
0.10827
0
0.000208642
0.0373681
-0.00138041
-4.11139e-05
0
0.000121639
-8.74454e-06
0.0111666
-0.0119223
-3.64135e-06
0.00416918
-6.42481e-05
1.84651e-05
-0.014861
-0.0310159
-0.0221486
0.155018
-0.000222332
-0.0918537
0.200778
0.0111383
-2.84264e-05
0.000236563
0.0269927
0.0341991
0.0062985
0.00300406
0.260586
-1.57428e-06
0.161845
0
-8.61484e-05
0.0141237
0.0405605
0.110822
0.0782916
5.95228e-06
-0.00822275
-7.742e-07
0.00298045
4.00066e-07
0.000484006
0.00055647
-3.9192e-06
0.00260044
-1.55402e-05
-0.00925
-0.137147
-0.0831067
-0.576053
-0.0182248
0.00813142
-0.000115872
-0.000274662
-0.0358809
-0.00466004
0.228957
0.0808545
-0.0632236
-0.326042
-0.0517375
0.0430313
-0.00083336
0.0438663
-0.00565053
0.013558
-0.20687
0.00306742
-0.261629
0.271955
-0.0247252
0.0623363
-0.00324083
-0.000347701
0.00356165
-0.00377654
0.0113171
-0.0437147
0.0235727
0.00768199
0.0473644
0.749466
0.0187843
0.0216117
0.0125648
0.0502991
0.00694982
0.0115131
-0.0579752
-0.011487
0.0510254
0.00086101
0.0199732
0.289877
0.00911206
0.0126245
-0.0159173
-0.269739
0.00974726
-0.00619932
-0.0451503
0.0271757
0.000512101
-0.204515
-0.0400397
0.0613172
0.220994
-0.00372327
-0.00244935
0.154565
0.0102971
-0.0173548
-0.0486451
0.00024453
0.04888
-0.107921
0.0696045
-0.0653621
-0.00525697
0.0487521
-0.0216184
-0.0389557
3.8842e-05
-0.00960192
0.0583259
0.0035361
-0.0440693
-0.0700154
0.0139934
0.00456187
-0.107388
0.0241226
0.0104371
-0.0566312
-0.111172
-0.0403535
