Number of keypoints: 12093
-0.0128595
0.012741
0.00390718
0.00127235
0.628897
0.00265412
0.383674
0.00167025
8.67492e-05
1.8547e-08
-0.000203894
0.00826729
0.0648248
-0.0449999
0.0476839
0.129907
0.0634757
-5.72548e-06
0.0856163
-0.0629871
-0.00438885
0
0.0110906
-0.000457717
0.01453
0.0014682
0.000135622
-0.0130791
0.00719371
0.000316672
8.39522e-05
-0.129532
0.00207385
-1.55781e-06
-0.000105064
0.00816807
0.00632287
0.00117169
-1.46202e-05
0.00110942
0
0.000515054
-0.000297309
0.219686
-0.00159071
0
-0.00104972
0.0146383
0.0927207
-0.00328052
0.0277706
1.28655e-06
0.0736323
0.000330813
-0.630853
-0.00548927
5.36697e-06
0.000545871
0.00594284
-0.497212
0.127669
0.0418623
0.0174168
0.153736
0.237595
1.20466
-0.00567
0
-4.89828e-05
-2.69586e-05
0.0101214
-0.00537032
0.00995524
-0.000878173
-0.0308299
0.0254782
-0.00351941
-0.494096
0.0163488
-0.0175812
-0.0017169
0.00825211
0.00937693
-0.0182561
-0.026332
0.000299268
-0.000251424
-0.000125696
0.00342605
0.0180352
0.000115261
0.00332861
0.216109
0.000982297
-0.58475
0.159252
-0.00489823
-4.85152e-05
-0.427928
-0.0542384
0.00454829
0.0403011
-0.00634492
-0.211383
4.8634e-06
-0.000774954
-0.00390324
0.000885188
0.0105405
-0.00421932
-0.199474
-0.0156434
0.0114732
-0.18717
-0.253147
0.76403
-2.69762e-07
-0.138123
3.3367e-05
-0.0512475
0.000317119
-0.000988509
-0.0420278
0.00913863
-0.000457088
-0.0432281
0.0407561
-0.0153815
-0.00517277
-0.107248
-0.00905298
-0.220608
-0.0510356
-0.0929035
0.0351795
0.053031
0.000818869
-0.00110993
5.56073e-05
-0.00234376
-0.00118719
0.000485954
0.130126
0.182815
0.0296962
0.000908216
-0.0442924
-0.0659483
-0.00201931
-0.880726
0.0323424
-0.0652273
-1.38736e-07
-0.00119388
0.159778
0.0544622
0.00679466
-0.00804175
0.0629423
0.041544
0.182575
0.657351
-0.0288244
