Number of keypoints: 10894
-0.00999742
0.0124572
-0.000470683
-0.0168385
-0.187846
0.0538172
-0.000687585
-0.0507114
-0.513048
9.64993e-06
0.00224963
0.113797
-0.0246228
-0.0470385
-0.00898319
-0.000612227
0
-0.00094901
2.66826e-06
-0.0656252
2.9723e-05
0.00522468
-0.176352
-0.0206776
-0.197635
-0.189669
-0.265553
-0.0323917
-0.00294729
-3.50661e-05
-0.287609
-0.00560173
0.00235154
0.0222594
0.000291771
-0.000241493
-0.393467
-0.0063715
0.000319937
-0.0960551
0
-0.0243724
0
-0.00729868
-0.0571263
0.00133997
9.80768e-05
-0.00109318
0.479493
-0.0176895
0.12037
-0.00507817
1.32011e-07
-0.177759
-0.00627586
-0.0251674
0.0318163
-0.00213394
-0.00240905
-0.0516696
0.0567975
-0.01117
0.380032
0.388283
0.00891144
0.363383
-0.00494794
-0.000155326
0.0368311
0.149262
0.00578505
-0.00627766
0.00924271
0.113344
-0.255784
-0.237158
0.025457
0.0012242
0.0809306
0.0177934
0.0230911
-0.0858125
-0.136388
-3.06094e-06
0.0172789
4.1348e-05
0.230499
-0.00559839
0.000157412
0.0148771
0.029808
0.0463575
-0.000709858
0.049142
0.0951545
-0.238634
0.300511
0.259136
0.00229093
0.107417
0.010895
0
-2.86344e-05
0.0371486
0.0234371
0.000418954
-0.0134045
-0.0226912
0.00387522
-0.00116429
-0.000571031
0.000719897
2.63834e-05
0.000807874
0.405646
0.0453761
-0.00489817
-0.123873
0.0284967
-0.000454653
0
-0.00224398
-0.00157082
-0.0376754
0.134525
-0.00594163
0.0487212
0.000101669
0.0246878
-0.089927
0.000950378
-0.0316043
-1.43928e-06
0.00516961
-0.375734
0.0894252
0.0050811
-0.806673
-0.261786
0.00347051
0.0352728
-0.351457
0.00875061
-0.000201935
0.0152464
0.000356504
0.0101578
0.00104996
0
