Number of keypoints: 13746
0.0808545
-0.0632236
-0.326042
-0.0517375
0.0430313
-0.00083336
0.0438663
-0.00565053
0.013558
-0.20687
0.00306742
-0.261629
0.271955
-0.0247252
0.0623363
-0.00324083
-0.000347701
0.00356165
-0.00377654
0.0113171
-0.0437147
0.0235727
0.00768199
0.0473644
0.749466
0.0187843
0.0216117
0.0125648
0.0502991
0.00694982
0.0115131
-0.0579752
-0.011487
0.0510254
0.00086101
0.0199732
0.289877
0.00911206
0.0126245
-0.0159173
-0.269739
0.00974726
-0.00619932
-0.0451503
0.0271757
0.000512101
-0.204515
-0.0400397
0.0613172
0.220994
-0.00372327
-0.00244935
0.154565
0.0102971
-0.0173548
-0.0486451
0.00024453
0.04888
-0.107921
0.0696045
-0.0653621
-0.00525697
0.0487521
-0.0216184
-0.0389557
3.8842e-05
-0.00960192
0.0583259
0.0035361
-0.0440693
-0.0700154
0.0139934
0.00456187
-0.107388
0.0241226
0.0104371
-0.0566312
-0.111172
-0.0403535
