Number of keypoints: 9712
-0.000177047
0.0026357
0.00183079
-8.58923e-07
2.71851e-05
0
0.000235311
0.614818
-0.00085442
0
2.94952e-05
-0.0118317
-0.000732138
0.00183878
-0.338143
0.00565466
0
-6.18407e-05
-0.00898816
0.0119454
0.0418479
-0.016251
-4.40403e-06
-8.04087e-05
0
0.00286639
0.0536422
0.00976034
8.74992e-07
-0.00160698
0.00656265
0.0616052
-0.0126039
-0.00505636
-8.31109e-05
0.0108991
0.000931736
0.00113179
0.000240112
5.02583e-08
-0.0231547
0
-0.000310907
-0.00165978
-0.147078
-0.0236327
0
0.00218427
0.018243
9.48995e-07
0.00584875
-0.0722761
-0.0227386
0.0315154
0.0490874
0
-0.0270465
-0.000237899
-0.000699838
-0.478345
1.01295e-06
-0.00562222
-8.80864e-08
-0.0643853
-0.000411031
0.0618891
-0.0813189
3.08949e-05
0.00321712
3.18931e-05
0.00435664
0
-0.00757035
-0.335312
0.0218151
-5.5042e-05
0.0129023
-0.230743
-0.0177602
-0.313521
0.00113893
0.140325
0.0588276
-0.206902
0.000213352
-0.00157841
0
0.242747
-0.444261
5.86832e-06
0
0
1.95272e-05
1.13497e-06
-0.000145007
0.00506411
0.00141102
0.00741158
0.00735257
-0.00744672
-0.30417
0.00011402
0.000341571
-0.00129841
9.52309e-06
-0.0404791
-0.0391653
-0.0318533
0.0187263
0.031925
0
-0.00595743
-3.23624e-05
0.000399531
0.0260303
-0.0108118
-0.00038354
0.0183542
0.0285449
-6.38347e-05
-0.000181732
-0.0102013
0.0110508
0.0123602
-0.0128715
0.0014959
-0.00944242
-0.0289725
0.10827
0
0.000208642
0.0373681
-0.00138041
-4.11139e-05
0
0.000121639
-8.74454e-06
0.0111666
-0.0119223
-3.64135e-06
0.00416918
-6.42481e-05
1.84651e-05
-0.014861
-0.0310159
-0.0221486
0.155018
-0.000222332
-0.0918537
0.200778
0.0111383
-2.84264e-05
0.000236563
0.0269927
0.0341991
0.0062985
0.00300406
0.260586
-1.57428e-06
0.161845
0
-8.61484e-05
0.0141237
0.0405605
0.110822
0.0782916
5.95228e-06
-0.00822275
-7.742e-07
0.00298045
4.00066e-07
0.000484006
0.00055647
-3.9192e-06
0.00260044
-1.55402e-05
-0.00925
-0.137147
-0.0831067
-0.576053
-0.0182248
0.00813142
-0.000115872
-0.000274662
-0.0358809
-0.00466004
0.228957
