Number of keypoints: 11178
-0.19957
0.0334825
0.0219813
0.0075549
-0.000622253
-0.00123714
-0.098839
-0.000257362
-0.000277323
0.00866049
0.012828
-0.00452882
0.0255358
-0.0236572
-0.00318723
-0.00292851
-0.0493522
-0.00281463
-0.00716524
-0.00650344
0.00227483
0.00338723
9.13138e-05
-0.0253217
-7.89051e-05
0.00256837
0.0317126
6.20526e-07
6.36028e-07
0.000728107
0
-0.196439
-0.00112689
0.000258964
-0.196896
-0.0215184
-0.0700091
-0.00646546
-0.25674
-0.3425
0.100254
0.268159
0.215591
-0.000590111
0.00037674
-1.82864e-05
0.00113155
0.00102169
0.00300674
1.48382e-06
-0.0110662
-3.32095e-07
0.0170695
0.107901
0.0482621
0.0440285
0.0461162
0.145971
-0.0261184
-0.000138019
0.00664586
0.00497963
0.0455099
0.0077739
-1.12929e-06
-4.3286e-07
-0.0168328
-0.344383
0.0321678
