Number of keypoints: 11867
0.000573145
-1.5231e-05
0
-6.58864e-07
-0.00623317
-0.00180704
-0.0510323
-0.0163121
-0.037334
0.0245747
-1.04568e-06
7.8983e-06
0.117771
-0.0249217
0.077985
0.028732
-0.00393969
0.010123
0.216845
-0.00373431
0.0387684
0.00151734
0
-0.0201956
0.088259
-2.30796e-07
1.39866e-06
3.92136e-05
-0.0790359
-0.000145041
-7.15743e-05
0.0101633
7.27107e-05
-0.0051875
2.56489e-05
0.00197634
-0.00222699
0.00163257
0.0333898
0.000302851
0.00355147
0.00480678
0.000690877
0.192545
0.192103
-2.46952e-05
-0.0442965
-0.0385525
0.000322502
-0.0194905
-1.56665e-05
0.00170876
-0.000184526
-2.05621e-05
5.74626e-06
-0.00193134
-1.12039e-06
-0.00209381
0.00106691
-4.53913e-05
1.84016e-05
-0.0259301
0.0528418
-0.0759782
-0.00444866
0.0143457
-0.000609949
