Number of keypoints: 12440
-0.173833
-0.0957711
0.0748587
0.0376159
0.107113
0.269771
0.154755
0.151441
0
2.99592e-07
0.000263322
-0.0361702
1.05316e-07
7.05746e-08
0.0442314
-0.0374465
0.00100899
-0.0328993
-0.00592774
0.110592
0.198006
-0.242607
0.00795655
0.000495716
0
-0.428629
0.00161645
0.00231102
0.214107
0.000194114
3.45677e-06
0.000337898
0.0516882
-0.000436538
0.0256572
-0.0242052
0.100405
0.00321084
0.0222613
0.000226395
0.212173
3.12257e-05
-0.00727746
7.79868e-05
0.000337573
0.000611469
0.19901
-0.14466
-1.50423e-08
0.0573225
0.0482804
-6.20298e-08
-0.263148
0.00032505
0.043925
0.000394582
2.31643e-05
0.30208
6.57283e-08
0
1.58841e-08
-0.000139722
-0.0244267
-0.0614753
0.0193065
0.00645375
0.0107539
-0.000487359
0.0393254
-0.251251
-0.0312485
3.34069e-06
-0.17773
-0.964309
0.122782
-0.0100321
0.00656172
0.0358904
0.0872375
0.0412898
-0.021492
-0.016257
-0.000134199
0.00363549
0.00628154
-4.93086e-05
7.10406e-07
-0.029744
0.0352523
0.000371243
-0.0295189
-0.0240465
0.00797837
-0.0697337
0.0243575
-0.0244113
0.0267217
-0.0056034
9.77526e-05
-0.553236
-0.00465365
0.182279
-2.88218e-05
-0.105619
0.327909
0.0395669
0.0463513
0.00754865
0
-0.00304595
-0.147579
-0.058451
-2.28524e-08
0.0162353
0.0149903
0.0413275
0.00432553
-0.0323534
0.0121116
0.155118
0.63144
0.11318
