Number of keypoints: 10013
0.0762572
-0.00233597
-0.00353527
-0.0993527
-0.0631025
0.0744332
-0.000188472
-0.0207538
0.0538582
-0.000113247
-0.0417629
0.0393575
0.0193152
-0.0036325
2.48786e-07
0.000140675
-0.0684082
-0.000138907
-0.22276
-0.0517605
-0.000308824
-0.0386453
0.0127555
0.0608829
0.00026386
-0.00707142
-0.0764414
-0.0057374
0.0212967
-0.081349
0.0112813
-0.104638
-0.0856265
-0.0196829
-0.108477
0.0784809
0.0327298
-0.00663931
0.222245
0.0427123
-0.0713124
0.198427
0.0915346
0.147687
-0.0115387
-0.00808789
0.0867338
0.0148331
-0.125589
-0.114364
-0.000537346
-0.0158782
-0.0107312
-0.106333
-0.00282656
0.382813
0.0828666
-0.0615127
0.000237911
0.00444259
-8.69632e-05
-0.00645091
-0.067927
0.0147728
0.119094
0.0557583
-3.70739e-05
-0.0335809
0.0578028
0.0121491
-0.0983503
-0.166785
0.00544566
0.0124339
-0.354027
-3.45786e-06
0.0223094
-0.0785137
0.111228
0.0916264
0.00390183
-0.0251399
0.0488203
0.00263219
-1.69717e-07
-0.00906228
0.146323
-0.00853403
-0.0492239
-0.0138837
-0.0671206
-0.0179102
0.0019493
0.000800321
0.00466967
0.00425425
-0.00391594
-0.0298928
-0.0994222
