Number of keypoints: 18110
-0.00012679
-1.20497e-06
8.44773e-09
-7.72337e-06
-0.00699866
-0.000198772
-0.00381774
0.000953267
-0.0129556
-0.000244423
-4.13358e-05
-6.95276e-05
-0.00313499
-0.00284387
-0.00897655
0.00722576
-0.003473
0.0195719
-0.013334
1.66281e-05
-0.000832913
5.65625e-06
0
6.04184e-05
-8.78932e-07
-0.000786032
-3.25239e-05
0.000106912
-0.00156784
-0.0018494
-0.000604953
-0.000677741
0.00030253
0.0123945
-6.32633e-07
-0.000622474
0.00936611
-0.00156076
-1.74634e-05
7.94173e-05
-0.00299348
-0.00152024
0.00166609
0.00190335
0.0120263
0.00142773
0.0085688
0.000339531
0.00233784
4.63972e-05
0.00104624
0.00378102
-0.00536815
0.00269038
-4.10026e-08
-0.000145664
6.16093e-06
1.18025e-05
1.90047e-06
0.00275047
0.000280345
0.0152433
0.00223462
-0.00701079
0.000378945
8.97587e-05
-0.00850005
-0.000236194
0.000836978
-0.0093711
-0.000281954
0.00861645
-2.93518e-05
-0.00525062
-0.000104246
0.0149693
0.0227067
0.019418
0.00793423
0.00315022
0.000184968
0.00161293
0.00310045
0.00246824
3.80691e-06
0
-0.00436214
0.000296361
6.73905e-05
-7.27884e-06
0.000553464
0.0055697
4.25992e-05
