Number of keypoints: 10579
0
-0.00753933
-0.0300062
0.0618388
-9.57512e-05
0.0373508
0
-0.0107218
0.000151083
0.00848194
0
0
0.00207287
-0.0197888
0.00941813
-0.0265413
0.00958362
0
0.0159563
-0.000113339
8.20896e-05
0.000146511
-0.0252774
-0.000144907
4.99368e-07
-0.000463519
-9.34534e-05
0
0.00782628
-0.000202308
-0.000437909
-1.5879e-05
0
0.00895417
0.046201
-0.000119782
0
0
0
0
0
0.0163986
0
-0.0350683
-0.00016402
0.0417563
-5.89472e-05
2.62753e-05
0.00586429
2.31119e-05
-0.000614279
-2.90392e-05
-0.00723118
-0.00967659
0.00136744
-0.00658742
0.0295006
0.000174693
0.0319989
0.0231143
-0.00263665
0.0172701
0.00661647
-0.00600537
-0.0642946
0.000282769
6.50056e-05
1.23845e-05
-6.55362e-06
0
0.000471056
-0.0100247
-0.133031
0
0
-3.20223e-06
0.0112973
-2.51519e-05
2.40767e-07
-2.36342e-05
0.0321449
5.71774e-05
0.0101465
0
7.35693e-06
0
-0.000224456
1.10846e-05
0.00213213
-2.04905e-05
0.000909699
0.000593558
0
0.000580502
0
6.74487e-05
0.00685319
7.21244e-06
0
0.00151055
-0.000116694
0
0
-0.00062864
0.00950841
-0.0138685
0.0942373
0.000827026
-0.00708491
0.00770825
-2.08311e-05
-0.0714631
-0.00126101
-0.0134355
0.0175398
-0.0141317
-7.95741e-08
-0.039582
-0.0108266
-0.115294
-0.000142922
5.14258e-05
-0.00477818
0.0280896
0.000629736
0.00299995
-0.0038725
0.000141346
