Number of keypoints: 10404
0.0052247
-0.00222135
-1.4288e-05
-0.00928597
-0.194288
0.00677539
1.6795e-05
-0.00265752
-0.00118972
0.0275253
-0.000108881
-0.00389422
6.13177e-06
0
-0.00012053
-0.0519408
-0.0110826
-0.00958666
-4.95085e-06
-0.0503138
-0.0128789
-6.83543e-06
0.000192712
0.0174682
-0.0270972
-0.00490945
0.0114238
-0.00339678
-0.028405
0.00404112
-0.000876725
-0.00596373
-0.0352982
0.0281465
-0.003375
0
-0.192289
-0.00704847
0
0.00409895
0.07858
0
0
-0.00230415
0.467924
-1.35384e-05
-0.00433021
-0.00144232
-0.00206648
0.00614417
-9.37576e-05
-0.00446966
-0.123973
-0.023567
-4.1095e-05
-0.00992099
0.0242403
-0.00254114
-0.0325607
0.00308274
-0.000731854
0.00902175
0.0103588
-0.000101549
-0.0317635
-0.00508378
3.55132e-05
0.000297405
0.00651901
0.0159965
-0.0036354
-3.02892e-05
0.0110988
-2.14382e-07
0.000196969
-0.0147802
0.0798261
-0.0143349
-5.92076e-07
-1.34511e-07
2.91846e-07
4.37627e-05
-0.000221395
-0.00171424
0.0167667
-0.000491094
0.0101292
0.147001
-2.2371e-05
-5.55187e-05
-0.0179559
-0.0294712
0.0869819
0.0774378
0.0479803
-0.0136843
-0.0555605
0
2.67352e-05
-0.0575876
0.0159864
0.114836
-4.32925e-07
0.0561728
0.0793848
-0.0664214
-0.00136787
3.24467e-06
0.00069638
0.070493
-0.0474805
7.69996e-06
-0.00137704
-0.00596352
0
-0.000788966
0.000170566
0
-0.0309049
0.00869437
0.0154512
-0.000411578
-0.000452209
-0.0138853
-0.000935998
-0.00468983
-7.87995e-05
0.000322938
-1.58839e-05
0.00473888
-0.00528269
-0.0145699
0.0627487
0
0.000462126
0.000848331
-0.00191009
0.0148359
-0.041367
-0.00800731
0.000745669
-0.000472277
-0.0447118
0.0265908
1.32755e-07
0.0148949
0.00026563
-0.114437
-0.00607671
-0.0600672
0
0.00146384
0.00286675
3.10852e-05
0.000105026
