Number of keypoints: 6826
0
1.8063e-08
0.440004
0
0
-7.17341e-09
-0.000130358
0
-2.47768e-05
-0.00341579
0.0399654
0.00423582
-0.0158996
-3.40997e-05
0.00120317
0.00326273
0.151867
0
-0.0403536
0.00133591
-0.0225099
-5.72564e-05
0.14369
0.276058
0.00483274
-0.0246388
0
0.217944
0.78822
0.296153
0.0020481
0.0402732
0
-0.001093
-8.19489e-05
0
0
0
0.198427
0
0.0940453
0
-8.54646e-05
0.00834773
0.0959257
0.0219593
-0.758092
-5.32785e-05
0.0690987
-0.000515365
-0.257119
-0.00456331
0.00609868
-1.29144e-05
4.49227e-05
0
-0.497497
-0.000313597
0
0.0029758
0
0.154636
3.45942e-05
2.05681e-05
0.273711
-4.53675e-05
0
-0.0360154
0.163895
-0.000804625
1.59244e-06
0.000137929
4.99079e-06
0.000188069
-1.22323e-05
0
0.0158388
0.00119414
-0.00149381
0.0181462
0
-0.248949
-0.0196724
0
-2.97745e-05
2.17057e-05
-0.00322215
0
-9.24979e-08
-0.100558
0.00251785
0.000510945
0
0
0.0131902
1.70545e-05
-0.000571972
-9.37623e-07
0
0
-0.00450348
0
0.000266823
-0.0111334
-1.82475e-05
-0.0216979
0.00103155
0.000717573
0.0171308
0
-1.28581e-07
0.00972138
-0.240848
-0.00802877
-0.00394721
0.0659835
0
-0.100072
0
-0.157713
0.00467938
0
0.156314
0.0384949
-3.39386e-06
0.0110351
0.00562487
-0.000374195
1.38794e-05
0.000487533
-0.00842689
-1.7178e-05
0.00379874
0
0
0.0744814
0.00220788
-0.00989827
0.0384046
-0.000926931
-0.114282
0.5315
0.0444731
-0.000234909
0.180707
-0.000428925
-1.85868e-05
0
0.545155
-0.0176739
0.653182
0
0
-0.000327596
1.42077e-07
8.91808e-06
-0.058708
-0.191377
-0.213908
0.0433109
0.000104591
-1.34524e-06
-0.00201194
-0.0441769
-6.13661e-06
-4.74491e-07
0.431189
0
4.73729e-07
0
0
-0.0063153
-0.0367337
-0.00499372
0.00700321
0.0777146
0
0.000826308
0.0829006
0.186357
0.000319324
-1.85782e-05
-0.000219058
0
-2.80769e-05
-0.0745594
-0.00105504
1.27982e-05
-0.125934
-0.0601447
-0.0257782
-2.5039e-05
-0.355587
0
-0.000604047
0.00749521
5.83964e-05
-0.00763847
0.000521163
