Number of keypoints: 9147
1.52358e-06
-0.00191768
-0.0942707
0.000229292
1.61528e-05
-2.04482e-05
0.00123683
-0.00395683
-0.00157618
-0.349803
-0.0321737
-0.579506
0.130402
0.000183741
-0.000215215
-4.57954e-07
0
-1.3492e-05
-0.000229373
0
-0.160544
0.0606386
-7.53398e-05
-0.00862843
0.00264775
-0.0577431
0
0.0181078
0.00600201
-0.00559882
0.0178125
0
0.043649
-0.0554882
-0.320703
0.00786054
-0.00340317
-0.40458
-0.0162738
5.26605e-05
-0.0243859
0
-0.000199477
0.00099463
-3.35286e-08
-0.00245226
-0.0785756
-0.426618
5.00032e-05
0.054247
-0.000302302
4.34555e-05
0.0202462
0.00176852
-0.0274767
3.56332e-06
-3.21515e-06
-0.183116
5.80522e-05
-0.00181381
-0.00248491
0.0420933
0.00949772
0.0197945
0.0062308
-0.0258496
-0.0361579
-0.24241
0.000217992
0.00323817
0.00159552
0
-0.0449356
-0.0799735
6.25285e-05
0.000398597
2.45365e-07
0.0665649
0.035073
0.000389705
6.30738e-05
-0.0205368
0
0
-0.0691821
-0.195143
0.0485509
-0.0567221
6.41039e-05
0.00373586
0.00140193
0
0
-0.020005
0.00635165
0.479148
-0.00296149
0.448788
-0.00682845
0.009025
0
-0.000179542
-1.78067e-05
0.0488437
0.108341
