Number of keypoints: 10151
-0.0205741
-0.0225358
0.000725209
0
-0.00525743
-0.000321626
-0.00103886
-0.00060434
-0.000517476
-0.0244451
3.36205e-06
0.00186108
0.0017315
1.83431e-08
0
-0.000102493
0.0170889
-0.00411912
0
-0.000243403
-0.00203581
-0.00255479
-6.41701e-06
0.00076335
-0.00036358
-0.0006621
0.000104231
-0.0215007
0
-2.71304e-05
0
0
-0.000175327
0
-0.00024499
0.00219613
0
0.0390437
-2.67562e-05
1.97032e-05
1.99577e-08
-0.0131249
0.00064319
0.00053951
0.0339613
0.000419088
-8.09836e-06
0.00482752
0
-0.0123158
0.000581854
0.00141733
-0.000500805
-0.00777363
1.63795e-06
0.00264971
0
-0.0399127
-0.0116422
0.00163338
6.30446e-05
0.000773284
0.00633242
-0.0319482
-9.09294e-05
-0.0266845
0.000551738
