Number of keypoints: 10924
0.000669628
0.0101659
-0.0327931
-0.0192426
0.000910052
4.5402e-08
0.0586539
0.000208524
0.00115158
-0.112188
0.0627093
0.0126665
-0.318386
-0.0701048
-0.035423
0.00255795
0.00154943
0.000607107
-0.00289807
-5.22405e-05
-0.126285
0.0179809
0.0188379
-0.00460765
0.0058087
0.0337467
-0.0202585
-0.00021469
-4.85099e-07
0.0160499
-0.000273909
-0.0111785
2.81657e-07
0.000978312
0.0216107
-0.025111
0.00126998
0.0486912
-0.00516245
0.0387463
0.110463
0.30083
0.597377
-0.0319675
-0.00595205
-3.06487e-07
0
0.00259458
-0.017056
0.00169212
-0.000569696
-7.4022e-06
0.0117688
0.025053
0.00144502
-0.0207581
0.00580285
0.040514
0.014558
-0.00267071
0.314618
-0.000126067
-0.00908091
-0.0324523
0.0175408
0.0164072
-0.00413499
-0.0294
-0.0105528
-0.0588157
-0.0646217
0.0244026
