Number of keypoints: 10888
-0.00273096
0.0366402
-0.0170261
0.00503142
0
0.0017907
-0.0246245
-0.0940384
-1.41928e-05
0.000202063
0.101862
0
0.000982284
0.0216789
5.88445e-06
0.00333542
0
-0.553115
0
0.182203
0.00142381
-0.000441353
0
0
0
-0.000107444
-0.0073473
-0.0210895
-0.00158941
-0.00268906
-0.000213486
0.00306307
0
0.000495025
-2.13832e-05
0.00113481
0.315397
-0.023735
-0.205473
-0.0719568
-0.0230515
0.37116
0.366881
0.000220906
-4.11256e-05
-3.60906e-06
0.0120563
0.126899
-0.000512169
0.176447
-0.00450223
0
0.186196
0.0276181
0.0245786
0.00703191
0.00179752
0
0.000822142
-0.000466605
0.0423111
-0.741371
-0.0159183
0.0236897
0.106192
-0.00700137
0.0103746
0.0147469
0.00275091
-0.224894
0.0368537
0.000757067
-0.0690791
0.488598
-2.94553e-06
-0.0521282
3.64127e-08
0
-0.00407979
-0.0236539
0
0
-0.133302
0
0.00458176
0.034885
-0.000364903
-0.0121504
-0.000393472
0.0358201
0
-0.00505603
-1.75651e-05
-0.0651881
-0.258726
-0.0674886
-0.00174981
-0.0214725
-0.400387
0.00493242
-0.000104073
0.535157
-0.00164647
0.0671142
0
-0.00135737
0
-0.0317381
-0.000539048
-0.0379335
0
-0.0327493
0.0027966
0.000934825
-1.88064e-08
-8.53575e-07
