Number of keypoints: 7422
0
-7.31364e-05
-0.000195074
0
-1.81726e-05
-0.00156734
0.00066097
0.00244254
-0.00365518
0
-3.64575e-05
-0.0166264
-0.0164834
-0.00342062
-0.00410607
0
0
3.61048e-05
2.73431e-05
0
1.00047e-08
0.0341047
2.45442e-05
0.000704454
0.000443277
1.20595e-06
0
0
0
0
-0.00192006
-0.00156264
-1.29385e-05
-0.0223744
-0.00177244
1.13828e-05
-9.84162e-06
2.83378e-07
-2.13589e-06
-0.0225308
-0.0270532
-1.41454e-05
0.000326456
-0.0484327
-9.1158e-05
-3.00057e-06
-2.8513e-07
0.0219989
0.00629293
0.00668122
0.0265207
0
-1.1636e-07
0
0
0
0
0
-5.55698e-06
-3.97193e-06
0.00910319
0
5.39459e-08
0.0113989
-2.84803e-06
0
0.0104516
-0.000102522
0
-0.000196714
