Number of keypoints: 9454
0.000342155
-5.99232e-05
-0.005624
-0.023983
0.127439
0.00512388
-4.07183e-06
0.0111557
-0.00424897
-6.6161e-07
-0.00721941
-0.00412762
-3.2932e-07
0.0197631
0
-0.00315003
-0.00570725
0.000523291
0.000399059
-0.0434811
0.0109262
-0.0175872
-0.00600643
0.00506818
-0.000476038
8.7376e-06
-0.0023955
-0.0115202
0.00691573
-0.00562659
0.0183376
4.32137e-08
-0.00015706
0
0.153723
0.0234855
0.000123773
0
0.0058203
0.0364173
4.52607e-05
-0.00893516
0.0151148
-0.0112355
-0.0797042
3.00184e-05
-3.40029e-05
0.074043
0.0109857
0.000355103
0.101906
0.0218272
0.0042898
-0.000218492
7.66405e-06
0
0
0.255583
0
0
0.0291049
-0.000885418
-0.000400444
0
-0.00549221
-0.0609322
0.13798
-0.00256669
0.0410611
0.00740417
-0.00063763
3.55375e-05
-5.00093e-05
-0.0524083
0.0808431
0.00211497
0
-0.000837444
-0.0297917
-7.10459e-05
0.000261854
0
0
0.000482982
0.0114963
-9.31386e-06
0
-0.011015
-0.00279081
-0.00900005
0.0187497
-0.00675865
-0.00223086
0.0306152
-0.0191377
8.67352e-05
5.84488e-05
-0.199746
0.00275921
2.6188e-06
-0.00300457
0
-0.00677931
1.9985e-05
0.000843202
3.92539e-06
0.130058
0.109609
1.61129e-06
0.0230643
0.00183219
-0.00509973
-0.00428968
0.0240498
-0.000888066
-2.8891e-05
1.02003e-05
-0.00977058
0
-2.79899e-05
-0.0254746
8.40415e-06
-3.44482e-07
0
-0.117591
-0.000381705
0.00891251
-0.000488219
-7.48097e-05
0.00461101
-9.94881e-05
0.034664
0.00657465
0.00491683
0.0241342
0.00644764
0.0310086
0.00745317
0.409792
0.00476199
-0.00914387
0.0712404
0
-0.00358247
0.0109907
2.43987e-05
0.214448
-0.0181709
-0.000101489
3.91214e-06
0.00266687
-3.50109e-07
0
0.00116954
0
-3.77691e-05
0
3.92763e-05
0.00236582
-0.00275646
-0.00224527
7.52441e-05
-0.000381441
0
0
8.77404e-05
0.000435389
0
-4.31713e-05
-0.32943
0.20541
-4.79765e-07
0.00655676
0.000319616
-0.0306564
0.0023724
-0.0015208
-0.00786998
0.000516703
0.000392252
0.000302795
0.0143834
0.000104477
0.000905746
-0.00171602
0.0225781
-0.0241549
-6.42412e-05
0.000524544
5.15657e-05
0.00217907
-0.00737803
0.0105092
0.0200806
0.0490902
0.0704528
0.389651
0.0345732
-0.0059284
-0.0826914
0.135537
0.00136962
-0.0537663
0
-0.00053446
0.0569239
-1.08844e-05
-0.00667044
0
0
0.000772387
0
-0.403092
0.0261221
-0.0239347
0.000453654
-0.027644
0.0132609
0.00316659
0.00491792
0.010373
0.0176107
8.69223e-05
0.0888468
0.000215953
-0.0177512
-0.0107341
0.0710075
0.0222695
-0.00409905
0
0.00635756
0.152595
0
0
0
0.0728501
-0.0288613
0.0159211
0.00430612
-0.107089
0.000330406
-0.0527832
-3.60719e-07
6.74428e-06
-0.015577
-0.0160354
-0.0286877
-0.458433
-0.00561163
8.4242e-06
-0.00832105
0.00260884
-0.380235
0.0194221
0.00157829
-0.000368213
0.0358381
-3.91549e-05
0.00298158
0
-0.0671263
0.055947
0.000136762
0.000155393
-0.00868285
-0.182204
-0.00343547
-0.0956499
0.0571818
5.71016e-05
0.00324746
-0.00072549
0.000251535
-0.00958097
-0.000256006
0.00763122
0.0206294
-0.0660233
-0.0327335
-0.000922735
-0.0969567
0
0.00169946
0.0161197
0.0054449
-0.0173425
0.00681895
0
-0.0032724
0.161603
0.000101361
0.000121855
0.00980029
-0.00413617
-0.000619219
3.57391e-05
0.0287802
-0.0344434
0.187991
0
-0.000406028
-0.000488871
1.44546e-05
-0.00177663
0.028984
0
0.00165451
0.123312
0
2.82714e-05
0.00345253
0.00406856
-5.82336e-07
0.000956372
0.0218609
5.11931e-05
-0.000484986
0.0200088
-1.79896e-05
0.0699454
-0.000339888
1.02059e-05
-0.000200032
0.147387
0.00467071
0
-0.000192613
0
0.010642
0.0144277
0.000556595
-0.00496913
0.0155557
-0.0142539
-6.74809e-06
-0.0494268
0.00100045
-0.0316291
-0.157804
0.00351377
0.052234
0.00152863
0
0.0163906
7.50245e-07
0
-0.196217
-7.01029e-05
1.72875e-07
0
0
0
-0.0197278
-3.2008e-07
0.00144833
0
0
-0.0325134
-0.000173449
2.56605e-05
2.35179e-07
-0.000513064
0.0021134
-0.000209961
0
-0.00415757
0.000107465
0.00875135
-0.514867
-0.472882
-1.08341e-06
0.000807262
0
0.000499893
-0.216464
-0.0205119
-0.00126298
-0.00260521
0.00261152
-0.00336796
-0.07643
0.0125695
-0.00112522
-0.000613145
-0.0045505
-0.0863731
-0.00229659
0.0109426
0.0135126
-0.000281904
0.0562204
-0.0102851
-0.134288
-0.232179
-0.074115
-0.0195195
-0.0374159
-0.000105841
-0.00107041
6.58938e-05
0.0590484
0
-2.88425e-07
-0.00340467
0.00299017
-0.0110902
-1.87487e-05
-0.000692412
4.95841e-06
0
0.00180647
-0.0984932
0
0.0281437
