Number of keypoints: 9106
0.0691132
9.78937e-05
-0.0127266
0.0326556
-0.124888
0.0395914
-0.00631584
-0.0364701
-0.0209246
0
0
0.191844
-6.9026e-05
0
0.00118437
0.741871
-0.00211664
-0.451778
-0.0017132
0.00120543
0.000125228
3.88112e-05
4.14237e-08
0.00733925
-0.0513179
0.028278
0.0149539
0.0309252
-0.00293064
-1.03916e-06
0.268961
-0.0221533
0
-0.03756
2.56074e-07
-0.250635
-0.0294217
-0.212853
0.25657
-0.000545318
1.84875
-0.0235591
-0.00806649
-0.00315206
-0.0107707
-0.107817
0.0678071
-3.85262e-05
0
0
0
0.000465122
0.000111608
0.00493549
0.000439093
0.0398793
0.00696312
0.00621084
-1.91617e-05
-0.0329586
-0.00334881
5.7137e-05
-0.000530329
-0.00799044
-0.0240408
2.16382e-05
0
0.00134077
0.00527569
0.0182328
-0.152259
-0.000157518
1.16485e-05
-0.000639805
-0.0958733
0.000241856
0.0970471
-7.7247e-05
0
1.48384e-05
0.0526134
-0.000195691
0.00443856
-0.00293353
-0.0284469
0.00104921
-0.0156257
-0.0119217
-9.05488e-05
0
0
5.7476e-06
-0.0334
-0.492465
0.0659038
0.201624
0
0.0803322
0.108504
0.44057
0.00214399
0.0589602
0.0716235
0.882014
0.0677813
0.0517019
-0.107527
0.000323628
0
-0.088187
-0.00740055
-0.00318258
-7.1583e-07
0
-0.0019155
-0.00076435
-2.18636e-05
-0.000314926
-0.0152278
0.00975034
0.0381942
-0.0210151
