Number of keypoints: 8163
-5.34378e-05
-3.07824e-06
8.20881e-05
0.174355
0.360602
-0.000519647
-3.05166e-05
0.188742
0
0.00470093
-0.134238
-0.36752
0.00162773
0
0.0742856
1.38289e-08
-0.00738932
0.000573847
0.042796
0.00518066
0.0837587
0.382562
-0.00559217
0.140416
-0.0122005
-0.00790413
0.0177266
-0.0329032
0.00989717
0
-0.0100904
-0.014093
0
-0.0210262
-0.00797552
0
0
0
0.00480176
-0.000461347
0
-0.000171937
0
0.0347251
0.937772
0.0189535
-0.367843
4.5946e-05
-0.016911
-0.000836997
-7.26339e-05
0.000100481
-0.0163142
-0.364394
0.00578248
-0.000634039
-1.48543e-06
-0.0512843
0.0974427
-0.00112193
-0.000689166
0
4.35288e-05
0
-0.609592
6.73571e-06
0.00206816
0.0241926
-0.0026045
-0.0164972
-0.00228659
-0.0154467
1.30521e-08
0
0.00671452
0.424504
-0.0318639
-3.08551e-06
-0.00566433
0
-0.0687864
0
0.0473289
0.147022
0.000332287
0.000484746
0.0199814
0.00273915
-0.402161
0.399413
1.986e-05
0
0
0.00348133
0.00228582
0
-0.00347344
0.414379
0.00222321
-0.118565
0.00196027
0.00290787
-0.0456101
-0.00016023
-0.182757
0.429134
-0.0533372
0.0214817
-0.231996
-0.118726
-0.00514341
-0.020136
-0.00551364
2.09096e-08
0.000978858
0.0234108
0.0267866
-0.00242972
0
