Number of keypoints: 9063
-0.157567
0.198799
0.00030663
0.221217
5.81606e-05
2.06724e-06
-4.63721e-08
1.99507e-05
0.00337623
-0.0351846
3.23281e-05
0.000350912
0.00227036
0.700998
0.001469
-0.00519115
-0.00013483
-0.00302447
-0.0590755
-0.0892668
-0.0398748
0.413511
1.33004e-05
-0.0412016
0.0027746
0.131488
-0.081769
-0.0214137
-0.000147935
-0.202405
0.0949947
-0.11294
-0.0424947
3.71667e-05
0.0926624
-0.0667144
-0.00108164
0
0.0247907
0
0.102753
-0.0148723
0.0832255
-0.0104234
-0.00186567
-0.621507
