Number of keypoints: 8023
-0.0195578
0.00424252
0
0.000249871
0
0.0101719
0.138261
-0.0123643
0
0.000113019
0.000445847
0
0.0184266
0.000522514
0
-2.15886e-06
0
-0.0116477
5.35207e-05
-0.00012414
-9.7e-08
-0.00125038
-0.0513542
-0.00226119
0.115453
-7.08398e-05
8.6229e-05
0.00109518
-0.00883355
0.00362954
0
0
0
-0.00316944
-0.0208207
-0.00037471
0
-0.00013772
0.000118281
0
0.0283364
0.00183079
0
-8.86932e-05
-0.00197001
-0.00467459
-6.44999e-07
7.03288e-08
-0.000152868
0.0301043
0
0
1.30621e-07
-0.068289
0.00965399
-0.00689139
1.10345e-05
0.000952377
0.00162221
0
0.0773742
1.00636e-06
6.20795e-05
-0.0424163
0.00991545
0.166369
0.00278664
0
-0.000145605
0
0.000623838
0.031078
-0.00347436
-0.00284515
0.00249147
2.41194e-07
0
0.00146346
-0.0233253
2.90726e-08
0.0348902
-0.00331453
-0.00255082
