Number of keypoints: 10957
0
-0.00598844
7.11575e-06
-0.00925003
0.000124076
3.4608e-05
-0.00024836
0.0351914
0
0
-0.000352945
1.02178e-06
0.0605396
-0.015598
-0.000156062
0
0.129981
0.0479384
3.36776e-07
0.000205299
0.173556
-0.00554248
0
0.0180065
0.0471266
-0.00750515
0
0.00777579
-0.00809951
0.0152603
-0.000214026
0.0377731
-0.0309688
0.00460471
3.46268e-06
-0.00503957
-0.000103535
-0.00316385
0.121212
0.267013
0.000555209
0.000150269
-0.0132747
-0.00235747
0.00129885
0.000131647
-2.20097e-05
0.0109314
0.0254691
-0.000977037
-0.000906647
0.000895382
0.000281285
3.10858e-06
0.000277225
-0.0126009
0.000611135
2.21412e-05
-0.000111018
-0.0213485
0.0453753
0
0.0517687
0
0.027151
-0.000152827
0.00303913
0.0135005
-0.00170277
0
-1.60624e-07
-0.014383
0.0037639
0
0.000760015
-0.00655898
0
-0.00392675
-0.000241796
-0.0145948
-0.000262706
-0.00592108
-2.41097e-08
-0.00559615
-0.00211485
-0.0410005
0.00437248
0.00125643
0
0
-0.00652571
0.0196931
-0.000231881
0.0292986
0.000947185
2.77422e-05
-0.0289027
0
-6.29876e-05
0
0.0132675
-0.164901
-0.142845
-0.00072769
0.00475775
-3.84739e-05
-0.07448
0.0168669
-0.0357352
-0.0385449
-0.0110597
-0.0967537
0
-0.00559352
0.128713
0.00422193
0
-1.97791e-05
0
0.0319894
-0.0184027
0.00426964
-2.84399e-05
0
-0.0142566
-0.000178157
-0.0082885
0.016103
0.00706245
-3.32806e-05
-0.00261801
0.000146724
0.00357637
-0.00132673
0.000773376
0.00142205
-0.000279452
-0.00080732
0.0061261
0.00837297
0.0404193
-0.0140186
0
-0.0055788
