Number of keypoints: 8946
0.00697857
0.000448835
0
-0.0014181
0
0
0
1.32867e-06
0.112656
4.75712e-06
0.000108677
0
0
-0.00345676
0
3.68685e-05
1.3685e-05
9.43372e-06
5.4358e-08
-0.000269636
0.234725
-0.0288716
0.000667414
0.000722232
-0.318862
-0.0524368
0
-0.361864
-0.00287739
-0.093964
-0.0447746
0.0047215
-1.49335e-05
0.00670958
-0.014512
-0.00854039
0
-0.056474
-0.0122996
-7.11235e-07
0.000768157
-0.0721919
0.0649976
0.00117324
-0.000127238
0.00611781
-5.98364e-10
-0.00167751
0.000887875
6.50654e-07
-0.00362888
0
-6.05867e-05
0.0154183
0.0200401
0
1.34735e-05
-7.03842e-05
-0.0141575
-7.26352e-05
-0.00205828
-0.00145068
2.77546e-08
-0.365066
-0.0870436
0.000491626
-0.0106372
0.00256189
0.00218503
-0.0102853
0
-0.150874
0.00358179
-0.317926
0.0165538
8.12416e-06
-0.00209714
0
-7.17568e-06
0
-0.00592703
0.000168078
0
-1.63875e-08
-0.000168424
-1.5554e-06
-0.0104172
-0.000115728
-0.0711224
-1.07582e-06
0.000586151
0.000755488
0.000668044
0.0249938
0.000604806
0.011802
0.0722282
-0.0092811
0.00053337
0
-0.000618619
-0.467943
0.0276936
-0.00561997
0.144644
-0.0210106
-0.0144537
-0.000172754
0.348534
0.011638
0.366554
0.464145
0
0
3.8964e-06
6.12146e-05
-1.46544e-05
-0.0385261
-0.00733734
0.000446883
0.00957182
1.17776e-05
0.092415
-0.06056
0.000140521
0.00216114
0
0.0291244
1.16862e-05
0.252484
0
