Number of keypoints: 9113
0.00986863
-0.0115414
0.00482803
-0.00798506
0.0114164
0
-0.000399119
-0.000878081
-0.231897
0.0131308
-0.000874887
0.00849688
8.01551e-06
0.000783501
7.06438e-08
0.0964639
0.000258111
0.142987
-0.0172919
-9.16905e-06
9.91145e-07
0.00481613
5.15781e-05
-0.0550994
-7.12885e-06
-0.00164749
0.013648
0.071426
0.0048081
0.00136742
-6.79568e-08
0.343572
0.000162251
0.0316589
0.00160783
-0.00280929
-0.000470266
0.113723
0.0215629
0.305344
0.0245347
0.0054938
-0.0815293
0.00197753
0.0769751
0.000655582
0.0234598
0.0849454
0.000198572
-0.000325562
0.00358624
0.00733266
0.0160752
0.0773051
0.00628895
0.0350655
0.0352119
0.000250656
0.000700689
0.00140405
-0.0011043
0.000356904
0
0.00209585
0
-0.00848052
-0.000425968
0.0480679
-0.0589431
0.00670787
0.0143254
-1.22569e-06
-0.0660042
-0.00126589
0.00155435
0.486844
0.0400043
0.000153426
0.0515962
3.0926e-06
-5.15239e-06
0
-0.0153778
0.00714444
2.05437e-06
-0.00175265
-0.12286
0.0166259
0
0.019031
-2.853e-05
0.0913061
0.126873
-0.0582213
-0.217504
-2.29451e-06
0.0904719
5.21127e-05
-0.0180017
0
-0.0817099
