Number of keypoints: 7057
-0.0124722
-0.191469
0.026258
0.0115654
0.0197762
-0.317157
-0.010791
-0.0412226
-0.00472919
-0.015881
-0.015691
-0.00497514
-0.0030027
-0.18468
-0.011385
-0.230236
0
-0.173377
-0.0302112
-0.00706348
0.0308193
0.00229969
-0.0788528
0.0551808
0
0.0136423
-0.000499751
0.231178
4.88898e-06
-0.00198935
-0.0306581
-0.255007
-0.0113939
0.00179134
0.000148105
0
-0.280566
-0.17543
-0.0424097
0.509367
0.0176123
0.0477604
0.559957
-0.515647
-0.201548
0.0656546
0.0363647
-0.0882797
2.10383e-05
0
0.394212
-0.00192762
-0.0855006
0.0121252
0.108222
-0.0177663
0.000259443
0
-0.0800423
0.0145887
0.0777307
0.488034
0
0.236937
0.0656326
-0.000923641
0.000827172
0.119289
0.00871147
0.199203
0.0988908
0.141107
0.359375
0.166318
0.159067
0.0419304
0
0
0
0.038228
-0.146578
0.00103076
0.00157048
0.0126117
0.000452348
0.0517767
