Number of keypoints: 7848
0.0188329
-0.0536548
0.0310329
0.14769
-0.00952653
0.0262173
0
-5.3835e-05
-1.00706e-07
0.00919113
0.0188839
4.9853e-05
-0.00570833
-0.0193326
0
-0.00569461
-0.0133961
0
-0.0138046
-0.000768848
-0.018485
1.84281e-06
3.51947e-06
-0.00577233
-0.000118109
0.00267019
0.0719579
0
-0.00318288
0.00722755
-0.00681171
0.00620308
1.7608e-06
0
-0.00727021
1.56236e-05
0
-0.0381206
-1.57009e-07
-0.0158021
1.20538e-05
0.000355538
0
0.00855414
-0.160421
-0.0489535
0.00182866
0.160421
8.26362e-06
0.0075134
-0.0468899
-0.0015543
-0.000283037
0.00086436
0
1.1332e-07
-5.22615e-05
0
0.175993
-0.0114136
0.0562367
0.0647997
0.0173572
-2.94873e-07
