Number of keypoints: 6862
6.40878e-05
-0.000157324
0.0409047
0.0386308
-0.0187622
0
0.038035
-2.22039e-05
5.56208e-06
9.25257e-05
0
-0.00703103
1.55006e-05
-0.0816926
0.182046
0.015361
0.34363
-0.0134214
0.0310969
-0.0275962
-0.00347451
0.00536865
-2.56877e-05
0.0151768
9.5756e-05
-0.00104303
0.182553
1.48395e-07
0.0415343
2.97644e-05
0.0273689
0.000177158
-0.0642379
-0.0001157
0.0425329
0.00569729
5.60143e-05
0
-5.43189e-05
0.00238748
-1.44369e-07
-1.47964e-05
-1.16051e-05
0
0
0
0.0288016
-0.00696154
-0.0491825
-0.0525231
1.55362e-05
0
-0.0976942
3.73623e-05
0
0.194202
-0.000251454
0.0127428
-0.277809
-0.000582761
-0.000302909
0.00137435
0.00231022
0.00411626
-2.3653e-05
0.00452322
0.000169939
0.000407897
-0.0193238
