Number of keypoints: 7770
0.00508585
4.93668e-05
0.141128
1.39428e-05
-0.00270062
0.126463
0
0
0
-0.000287926
0
-0.0044237
0.00186962
0
0
-2.93177e-05
-0.0763512
0.26666
0.000578728
-0.0366739
0
0
0.707907
-0.0128019
-8.68259e-05
-0.0292511
4.69775e-08
0
0.0170671
0.00260672
-0.290016
0.0302863
-0.0501375
-0.0571308
0
-0.0271812
-3.00663e-06
2.86519e-05
-1.19632e-06
0.0146181
0
0.0996644
-7.10557e-07
0
0.0277512
0.00409756
-0.0618267
0.00154171
0.0201876
0.000216818
-0.0091918
-0.0255406
-0.000168222
0
0.000366397
-0.0756467
0.00143112
0
0
-0.00391969
2.57289e-05
0.0967525
-5.71024e-08
0.158152
-0.00309341
0
0
0.00214369
0
3.13774e-05
-0.00382078
0.116214
0.221501
0
-0.0021894
0
0
-0.00111722
-3.05917e-07
0.233188
-0.0491046
-0.0023428
0.0127954
0.000109927
1.62424e-05
0.00253245
0.0186515
-0.000215392
4.70898e-06
-0.174519
0
0
-6.86671e-07
0
0
0
-0.0243933
0
-5.51305e-08
0.0111912
6.34419e-05
-0.458334
0.0172104
0
0
0.0172745
-8.24284e-05
-0.00473106
0.0489732
0.125548
-0.0206806
-0.0760383
-3.15407e-05
-1.43032e-07
0
0
-0.000114984
-0.0635519
-0.00111357
-0.241279
-2.65014e-07
-6.94538e-08
-0.00169134
-0.00330418
-0.000162999
0
0
-0.000138379
-2.80797e-05
0
0.00441192
-0.669055
-0.541006
-0.000210521
-8.99741e-05
0.00080454
0
0
0
1.61135e-05
-3.90978e-06
0.00455364
-0.000500168
0.00211607
-0.00151538
0.00618397
-0.00756599
-0.289521
-0.0145247
-0.0375281
-0.0212766
0.0369018
-0.105968
0.00875103
0.0716851
1.63052e-05
2.02639e-05
0.0204642
-0.0208695
