Number of keypoints: 9853
-5.31939e-05
-0.0634848
5.83007e-05
0.00227272
-0.0176973
0
0.041138
-0.0292774
-0.152007
0
-1.44281e-06
0.0206226
0
0
1.75943e-05
0
0.00206785
-0.012049
0.000196724
0.00522173
-0.000174023
-0.00949993
-4.21879e-05
0.126015
-0.00013761
-0.00668448
-4.66881e-06
-0.0195929
0.00430722
-0.00197211
0.0272604
-0.0107932
0.000403064
-0.000431789
0
0.00141967
0.100901
-0.000415607
0
-5.70319e-05
0.0798695
-0.0986876
0
-0.000574984
0.000127395
1.72103e-06
0.0764726
-1.34757e-07
-0.135845
0
0.000763574
0
0
-0.00369972
-0.00733465
0
-3.50127e-07
0.00496608
0
0
0.0101675
-0.00175062
0.0272607
0.000128815
0
0.00984268
-2.49057e-06
-0.0567497
-0.000181957
-2.50435e-05
0
3.50045e-06
-6.99387e-05
0
-0.106825
0
0.05442
0
0.0122418
2.00617e-05
0
0
0
-2.74335e-06
0
0.00112277
-1.50668e-05
-0.0183639
0
0.0164921
1.42755e-06
0
-8.3715e-06
0
-1.53647e-06
2.59144e-06
0.000428593
0.00260144
0.0229826
-0.0444569
0
0.0545636
0.0221886
-0.016047
0.00034994
-5.94947e-05
3.26315e-06
0
-0.0376371
0.00302795
-0.0354188
0
3.32015e-06
0.0173636
-0.0695913
9.4899e-06
0
-1.06133e-05
-0.00393827
0
0.0475501
0.0740585
0.0024081
0.00425131
0
0.0587269
0.0855508
-0.00147338
-0.0012221
-0.0150828
-4.61558e-08
-0.0258154
-0.000200203
0.0464782
1.3618e-08
0
0
-2.36541e-05
-0.00524644
0
0.0125975
-0.000388001
-0.000247236
0
-0.0368067
4.12614e-06
0
-0.0278552
0.0894647
0
