Number of keypoints: 11534
-0.184392
0.2256
-0.000218033
-0.0102714
0
0
0.433533
0
0.0514485
0.0619874
0.165409
0.324331
0.00278453
0
0.110051
8.12547e-05
-0.0380583
0.129705
-0.000404363
-1.41992e-05
0.0663512
0
-0.00159537
-0.236091
0.00086855
0.0105723
-0.598421
-1.08889e-05
-1.5589e-06
9.92461e-05
0.217532
0.450119
0.577542
0.000440917
0.0120696
-0.0282161
-0.0104464
0.000752938
-0.00309035
0.00565111
3.59449e-06
-0.0269308
-0.321347
0
-0.0265886
0.0138328
-1.05603
-0.00202037
-0.111295
-0.791806
8.24992e-05
3.15745e-08
-0.071382
0.00120915
0.00285496
-0.000873654
-0.00556833
-0.00349404
-0.00771891
-0.00133261
0.000777503
0.0841086
2.82557e-06
0.0676776
0.00548158
-0.313156
-0.507012
0.0847833
-0.130552
-1.22616
-0.120954
0.991146
0
-3.78911e-05
0.130679
-0.152064
0.00974497
-0.524182
0.000124719
-0.192006
0.404252
1.39992e-05
-0.0417971
0.000350774
-0.00509928
0.0109237
0.000113699
-0.0103801
-0.00899189
0.0081389
-0.0145602
-0.17345
0.00321294
0.0235397
1.07082e-05
-0.0375772
-0.00608665
0.0193659
-0.0138558
-0.000141024
0.000136361
0.024837
0.000392086
0.0294173
0.21737
-0.115859
1.30162
-0.591622
0
-0.0384473
-8.34696e-06
-0.00211345
-5.87087e-05
-3.20606e-05
0.0893821
-0.0354208
0.0162806
0
0.0630767
0.0302337
0.00179498
0.610225
0.00177394
0.0280705
0.00122998
0.104731
