Number of keypoints: 6314
0.0258074
-0.0208036
0.182661
-0.0154336
0.0173091
0.0482006
0.00549979
0.000293395
0.306321
0.00726215
0.00293052
0.0439579
0.000245282
-0.0113129
0.122632
0.156577
-0.179809
-0.0169916
-0.0119826
-0.339215
-0.000427019
-0.00035113
0.103245
-0.000326188
0
8.25808e-05
-0.00180661
-0.000119595
-4.10684e-05
-0.000774995
-0.000329629
0.144128
0.00105283
0.00370046
0.0198269
-0.00208841
1.18566e-08
-0.000508599
0.00108076
0
-0.0790999
-0.00227693
-0.00189543
0
-0.0119092
0.000693583
0
0.0320399
2.48624e-06
3.44401e-05
0
-8.89768e-07
-0.000224728
5.30251e-05
0.0185925
0.0751397
0.00179308
2.16034e-05
1.70117e-06
0.0338344
-0.00965501
0
-3.86372e-05
0.0670006
0.189204
0.0149481
-0.0847251
-0.0211133
0
0.00013917
0.000423779
7.15932e-05
0.0371779
0.0352473
0.000384391
-0.102876
-0.0198887
0.000100838
0
-0.00838771
0.0188726
-0.312228
-0.0359508
0.000655988
4.97934e-05
-0.0032117
6.74272e-08
-0.0397754
0.324715
-5.53624e-05
-0.0450388
