Number of keypoints: 9939
6.07182e-05
-0.00047584
8.11228e-05
-0.00417273
-0.00127226
-0.00667359
-0.000429297
-0.238688
0.0629104
0.016458
0.026984
0.141784
0.00598985
0
0.179144
0.00454442
0.00110099
-0.206209
-0.00259157
0.00648756
-0.560346
0.17298
-0.0004635
0.000125967
1.79728e-07
0.172977
0.0701748
0
-1.3473e-07
0.00169313
-0.022999
0.000852588
0.00356232
0.000610406
0.00334663
4.61717e-07
0.000729459
0.000564336
-0.000409641
0
0.038619
-0.559074
0.0715987
0.443309
-0.0107982
0.000346149
8.50137e-07
0.252126
0.0130116
0
0
-0.0165015
-0.000938622
0
-0.00622731
0.000658532
-0.0304513
0.0259812
1.92746e-06
-7.84745e-05
-2.10543e-06
-0.00203254
0
-0.104902
-0.000759116
-1.16664e-05
-0.00190337
-0.000174009
-0.00366734
-0.0223175
-0.011047
-0.0848888
-0.229574
0.058114
