Number of keypoints: 14418
-0.0158946
-0.0163865
-0.246712
-0.101092
-0.00197823
-0.0855456
-0.0843362
-0.0801145
-0.0249549
-0.15977
0.238819
-0.0266249
-0.345494
-0.278993
-0.106938
-0.324508
-0.229575
0.258918
-0.0880876
-0.0306028
-0.00575479
-0.0617931
-0.305752
-0.0387297
-0.0155532
-0.836195
0.0639897
-0.568485
-0.233742
-0.839186
-0.677284
-0.258165
-0.454024
-0.727175
-0.523975
0.699773
0.00222816
0.000903267
0.0651922
0.313732
0.0831738
0.0110937
0.00216864
-0.00607662
0.0114564
0.0506984
0.413153
0.954374
0.358167
0.532421
0.184489
0.331274
0.164682
0.137158
0.3713
0.328612
-0.0143961
0.0605131
