Number of keypoints: 9614
0
0.0969033
0.0378706
-1.28886e-05
-0.00314098
-0.00934659
0.00746215
0.0222157
-0.0214764
0.0634685
-0.0005743
0.0515303
0.226781
-0.00385782
-0.0301416
-0.0127179
0.0831577
0.527021
0.0949227
0.315971
-0.892686
-0.0222278
0.0190356
0.107313
0.00308126
-0.0283828
0.0618442
-0.000239373
0.00480773
0.356595
0.00337121
-0.00722534
-0.10696
-0.00607487
0.012674
0.0194044
-0.0823234
0.00223207
0.012226
-0.594345
0.00968818
0.171858
-0.00437275
0.0182286
-0.000208392
1.52535e-05
-0.00621835
-0.0544615
-0.010604
0.128681
-0.130056
-2.15347
-0.0234901
-0.00199111
-0.000541562
-0.0367318
0.0643506
-0.0293929
0.605612
-0.00108281
-0.0948033
-0.0592758
0.175555
0.000598403
-0.0128852
-0.0678361
0.00686284
0.00874671
-0.0670463
-0.0793131
-0.0184251
0.0156344
-0.0175958
-0.00749551
0.416962
