Number of keypoints: 12216
0
-0.00366136
0.0123061
-0.0127375
0.0242219
-0.046208
0.181969
-0.213552
0.181746
0.0811756
-0.0896791
0.0640118
8.62297e-05
0.453313
-0.395237
-0.0300742
0.271007
-6.02269e-05
0.0774409
0.0118797
0.0761554
0.00933608
0.114208
0.00384064
-7.76765e-06
0.00169894
7.24642e-07
0
-1.46883e-05
0.00764007
0.0220629
0.0492859
-0.00505769
5.19916e-05
0.0990625
0.327631
0.0233973
-0.25006
-0.0533364
-0.112676
0.000212051
1.25865e-05
0.397222
0.179401
0.00285491
2.01645e-07
-0.00165518
-0.0210765
-6.42362e-05
0.224472
0.0086955
-0.000879522
2.67842e-07
-2.43117e-07
-0.00029907
-0.0135381
0.0251341
-4.34501e-05
0.0353982
-0.00580351
-0.00262312
-0.0248925
0.0120321
0.0469703
-0.0738745
0.0249681
0.709178
-0.00738135
-0.0590162
-0.0682027
9.83137e-07
-0.00157733
-0.124296
-0.0013217
-0.00565124
-0.040578
-0.0689514
-0.00519637
0.090977
9.79475e-06
-0.0214976
-0.00883013
-0.0971838
-0.00937207
-0.0200054
0.236058
-0.136329
-9.09389e-06
-0.428288
-0.210966
0.2326
-0.646749
0.00375182
0
-0.00706495
-6.39923e-06
0.0346651
0.00625777
0.0519159
0.383579
0.0682311
-0.118103
0.0132348
0
0
-0.000137279
-2.90202e-05
