Number of keypoints: 9851
0.00201818
-0.110372
-0.00539744
0.0867639
-1.02978
-0.0163846
-7.68121e-05
-0.0428458
0.00375502
0.0277972
-4.29369e-05
-0.00537528
0.00105029
-0.00248302
0.014198
2.1196e-05
0.154341
0.074486
-0.064448
-0.0102911
0.174134
0.0193226
4.56226e-05
6.19942e-05
0
0.00326947
0.00171339
-0.00215004
-0.00180348
-0.000705489
0.00028142
-0.387463
-0.0233493
-0.00617029
0.0161612
0.0369276
-0.0155293
0.612406
-0.00424148
-0.00834311
0.00551338
-0.000190256
0.0739857
0.0479063
0.111799
0.0175628
-0.0182897
0.0916106
-0.00195968
0.000400372
0.00398307
0.0357022
-0.00292379
-0.22364
-0.0800399
0.00174653
0.0121933
-0.00868005
-0.00102594
-0.0262173
-0.010507
0.0339166
-6.87258e-05
-0.0277177
-0.00628308
-0.00156791
-0.00994705
0.00183296
0.00408966
-2.84448e-08
1.3721e-05
0.0652262
0.0227091
-0.0102262
-0.408664
0.000399652
-0.0528524
-0.00799161
-2.86925e-05
-0.23547
0
-0.0850692
-0.000826699
-0.0197007
-0.161652
-0.000420418
-7.98654e-05
-0.105715
-0.000325515
0.755436
-0.00167571
-0.0080898
0.0336108
-0.123377
0.00177446
-0.0898576
-0.136549
-0.293292
0.0761134
-0.000136585
-0.000111345
-0.00455248
0
-0.070354
-0.0100952
-0.00917785
0.0960034
0.038087
-0.0047144
4.48819e-05
0.0504989
0.00212746
0.00985336
0.00362934
0.0337556
0.000130916
0.0526653
0.0350135
0.00069856
-0.0926553
0.0577672
-0.0446008
-0.00426779
-0.00470084
3.98539e-05
0.00385506
0.00709199
0.0013462
0.00832342
-0.025085
0.00104697
-0.0063356
1.12807
0.00111383
-0.00106777
0.000236454
0.000365734
0.00402877
0.0443478
