Number of keypoints: 10373
1.85257e-06
-0.00533568
0.050018
0.00903754
-0.0329813
0.154915
-0.0456556
-0.00824614
0.00108562
-2.11403e-07
-0.0872109
0
0
0
-1.06387e-05
-0.00851834
-0.00363829
-0.0083267
0
-0.000242167
-0.0350551
-0.000472684
-0.862703
-0.0073613
0.0134882
0
0.0566185
0.0108837
1.22379e-05
-8.53426e-05
-8.72735e-09
-2.9456e-07
0.000590672
0
0
0.000115977
7.44335e-07
0.0397563
0.000403617
0.00144686
0.246821
-0.0162844
0
7.91647e-07
0.0250678
0
0
0.00109939
-0.0470691
0
5.84012e-05
0.0697628
0.0618131
-2.61354e-07
0
0.03498
-0.000453228
0.000815724
0.0428477
0.0180223
0.00143095
-2.25243e-06
0.0414957
-0.0559391
0.000882086
0.00398483
0.007889
0.0466825
-0.0521884
0.0020353
-0.00568473
0.00339569
0
0
-1.02207e-05
0.000287463
0.00953671
0.00507075
0.0111615
0
0
