Number of keypoints: 10207
-0.0525845
-0.203191
0
0
0.0305611
0
-0.000732357
1.75264e-05
0.231263
0.0927701
4.09725e-06
0.00238971
-2.93417e-05
-0.000244443
0.0343208
-0.0917491
-7.55167e-08
0.00496016
0.468312
0.00115115
0.0455727
0
-4.83217e-05
-2.10133e-05
0.0475439
0.0204177
0
0.00194083
0.994167
-0.0354171
0.010499
0
-4.25586e-05
0.00242314
-0.133452
-0.606895
-4.23152e-05
-0.0261659
0.00549107
-0.174543
0.0202363
0.00483479
-0.062226
0.00119316
-0.0065404
-0.0217543
-0.00788191
-0.0114497
-0.0233615
0.000127018
-0.00939193
4.94964e-05
-0.028624
-6.66849e-05
0
0
0.237803
-0.00267227
0.0116044
-0.054608
-3.22753e-06
0.0177541
-0.180266
0
0
-0.00266302
0
0.356032
0.065836
-0.0298967
2.25623e-05
0.0363258
-0.228657
-0.0386163
-0.0113264
0
0.344459
-0.280223
0.00284206
0.0499873
0.100911
-0.426374
0.0384973
-0.37959
0.000371057
0.00187874
0
0
-0.00843243
-0.00344146
0.012415
0.000139603
0
0.262539
-0.000105242
5.70277e-05
-0.000257921
-0.000816926
-1.4537e-05
-0.0499192
0.000161027
0.00312777
-0.00162359
-0.224034
0.00934486
0.0187048
0.232241
-0.00920204
-0.000391468
0.00893038
3.19533e-06
-0.870553
0.234318
0.112826
-0.250637
-0.021851
0.000109448
0.00472401
-0.113314
-8.96354e-05
-0.0337579
-0.0577736
-0.0700701
0.0736389
0.0944797
-0.00245275
0
0.0314354
0.00287142
8.44342e-07
-6.51936e-05
-0.0750997
-0.0746823
-0.0657566
-0.0361552
-0.0029067
-0.151384
2.06168e-05
-1.47951e-05
4.74277e-08
0.0293156
-0.00984654
2.97593e-05
0.0748806
3.29794e-05
9.87489e-06
0.00245205
0.278152
-0.000216308
-0.00628226
0.0405246
-0.00414112
0.00269399
0.0387099
0.02309
-0.025936
0.0470041
-0.000465768
-3.70057e-05
0.0035404
-0.00165243
-0.00620079
0
0.250531
0.00586172
0.293631
-0.000165908
0
-1.506e-05
-0.0107712
0.0225585
-0.110937
0
-0.000383983
-0.00201182
6.29482e-05
0.00834207
-0.00306128
0
