Number of keypoints: 10586
8.4022e-05
-0.00363237
3.97057e-05
-0.00303366
-0.0672591
-0.000546903
-0.00309964
-3.41052e-05
-0.0295999
-0.411946
0
-0.376711
-0.0814624
-0.0487407
-0.000996291
0.00229405
-0.0510962
0.0132699
-0.000577644
-0.00044454
0
-0.0458644
0
-4.46524e-05
0.000621635
0.000645063
-0.112596
-0.00522531
0.0139109
-0.140344
0.000160742
-0.023264
-9.99108e-05
-0.085806
-0.084111
-0.0904663
3.66828e-05
0
-0.144054
0.000283836
0.00192057
0.112869
0.000657695
0.000419017
0.000452905
0.14137
0.0416131
0.0083691
0.00534091
-0.00012759
0.137688
0
0.000100343
0.0814594
0.0144487
0.000866615
-0.00670063
0.0790606
0.00192964
-0.0297481
0.000167702
0.00473485
0.000397766
6.19901e-07
8.53619e-05
-0.000662986
0.0152954
0.0441972
-0.0143385
0.0003213
0.0381986
-0.00297628
-0.000554989
0.00100141
0
0
0.00192743
