Number of keypoints: 7109
0.00055868
0
0.000309372
0.087001
-0.00289973
-0.0449335
3.00445e-05
0.0100637
0.119364
-0.00349731
-0.0447027
-0.0201321
5.6272e-07
0.00202878
-0.0678193
0.000586257
0
0
-0.00968358
0
-0.0919671
0.421957
0.0583597
-0.00957682
0.00133666
0.000108637
0
-0.00524461
0.069687
-0.00345447
0.0532993
0.104653
0.0769884
0.073962
-0.000933358
0.000369939
-0.106983
0.0011101
-0.00312819
0.00179957
3.09255e-05
-0.00331025
-1.18164e-05
0.3192
0.0618585
0.0298958
-0.0030474
-3.24454e-05
9.43796e-06
0.177667
0.148796
-7.03169e-05
0.0762968
0.0591944
0.083497
-9.62251e-05
0
-0.0643117
-0.0299824
0.117396
2.02449e-05
0
0
1.62848e-06
-0.484386
-2.63228e-08
-0.0693551
-6.86676e-05
0.000132269
-3.14447e-07
-0.000636226
-0.0220715
-0.00185437
0
-0.131863
-8.85268e-06
0
0
-2.19349e-05
0
-0.485918
-0.0492784
0.00127375
0.00763436
0.0883469
5.59888e-05
-0.00177623
0.130894
-0.00229978
-0.0134722
-0.0956024
0.000788026
0.0143543
0.000127691
-0.2168
0.145971
-1.65646e-05
0.0181165
0.00215818
-0.00204005
0.00735508
0.00179568
-0.0259198
0.0142553
0.00292976
0.000779162
-0.0183637
-0.000333088
0
-0.00893369
0
-0.0336776
0.0286017
0.000956934
0.000166413
7.0595e-06
0
