Number of keypoints: 10149
0.0425649
0.000281373
-0.00911668
-0.00029212
0.00237289
0.0457173
-0.000553828
0
0.000191511
1.34126e-05
-5.15917e-05
-0.00172214
0.034767
-0.000320997
0.0223698
-0.0258669
0
0
-0.00263775
0.000472859
3.04689e-08
4.85093e-05
-0.00555248
0
-7.85173e-07
-0.159303
-0.0398187
-0.176118
0
0.0013319
-0.000349908
3.15775e-07
0.000389535
0.183207
-0.0367681
0.000594943
0.00240546
-0.00803122
-0.0101203
-0.015871
0
0.0168117
0
0.00918841
0.000222329
-0.00135313
-2.23941e-05
-3.11547e-06
0.0085122
-0.00321272
0.00358906
-0.000776491
-0.0110491
0.0103139
-0.0486707
-5.87682e-07
0.157688
0.00094287
-0.000184014
-4.48424e-05
-4.02583e-05
3.89341e-05
0.00305511
0.0030753
0.00113613
0.00120107
-0.00431139
0.0960285
0.000903226
-0.00797851
-0.0857383
-0.00484265
-1.76614e-06
-2.09318e-05
-0.174728
0.00101098
0
-0.00704609
0.00102716
0
-0.000358963
-0.00133948
-0.0116752
-0.0321339
-0.00846227
-0.0171354
0.000252806
0
0.276598
0.00188415
0.0197129
0.000150854
0
0.000248657
-2.09842e-05
-0.000158548
0.0325715
-0.0293579
6.59373e-05
0.000415074
0.000103697
-0.000486076
