Number of keypoints: 10167
0.00122212
-0.000670556
0.00010548
0.174188
0
-0.0535517
-0.0709385
0.00110147
-0.000200459
-0.00426623
-0.0571704
0.0505873
0.182356
-0.117877
-0.020823
-0.410956
0.0643404
-0.0374583
0.000234263
0.41181
0.0495631
-0.0723558
0.000384137
-1.94323e-06
0.0477626
0.000846601
-0.0191036
-0.000181509
-0.0041262
-7.70553e-05
-0.0472506
0.117466
-0.0363329
0.00256792
-0.0153472
-0.00297491
0.522266
0.000354935
0.00238773
0.00716717
-0.00915953
5.0007e-05
0.00790793
0.000253195
-0.000200988
0.16355
0.163847
-0.0483454
-0.0034278
-0.507965
-0.0770733
0.210329
0.001413
0.00919523
0.0383787
-0.0025694
0.000787579
0.0665172
0.0584754
-1.88792e-06
0.000284001
0.270184
-0.506619
0.0065431
0.00047686
0.185402
-0.0231644
0.0390886
-0.00605892
0.00031084
0.316335
-4.45498e-05
-0.000520631
3.11925e-05
-0.000204825
-0.00370474
0.00153309
0.0207167
0.309981
0.181298
-0.150389
0.00653726
0.778232
-0.121997
-0.0441989
-0.00392838
-0.00065605
