Number of keypoints: 8947
0.000394471
-0.102485
0.0107846
-0.00284183
-0.00762974
-3.22988e-05
3.73828e-06
-0.0996956
0.0262498
-0.181765
-0.111671
-0.010797
0.00903133
-0.0132291
0.0295365
-0.876343
0.000755888
-0.0256685
-9.22969e-06
0
-1.09081e-06
0
-0.00204181
0
0.0566973
0.221543
0.0530574
0.14951
-0.443592
-0.0282655
-0.00416514
-0.00169154
-5.64962e-07
-5.36705e-05
-0.00062451
0
0.0135065
0.0220849
-0.00024633
-0.0765956
0.000594673
-0.229707
0
-0.00484753
0
-0.000144495
0.00726738
6.23191e-06
0
0.000789881
0.105186
0.026567
0.043215
0.0213333
-0.0105797
-0.438576
0
-0.160536
0.032637
-0.123591
-0.0768832
-0.340929
-9.81654e-06
-0.229076
4.38736e-05
0.00433644
-0.0260772
0
0.289731
-0.00118417
0.00111876
0
-0.0854655
-4.90617e-07
3.58262e-05
-0.0438181
0.00229553
-1.28652e-05
-0.562671
0
0.000167077
-0.0409863
0.220531
-0.00351875
0
0.14705
0.0095203
-0.00125228
-0.174324
-0.581568
-2.27375e-05
0.00430915
-0.24988
0
-0.0732387
0.021764
-0.00048036
-0.308001
0.00509202
0.402461
0
-0.052151
0.247517
-0.328914
0.00215951
-0.102755
0.0133747
-0.000164104
-0.22927
0.00270109
-0.0375509
-1.40501e-05
0.00697068
-0.0340857
-0.0243021
-0.00020867
-6.23646e-05
0.0119515
2.85338e-05
-0.00375124
-0.000133186
-0.0888041
-4.68188e-07
-0.00194466
-4.43469e-05
-0.00651207
-0.0562076
0.100418
-0.158488
-0.0481324
-0.000416227
0.0464365
-0.000758717
0.0330974
0.360212
-0.264033
0
-0.23364
0.0209275
-0.00268147
-0.00805418
-0.0506562
-0.0727836
0.0426592
0.00105942
0.00162059
-3.85242e-05
0.0230442
0.589474
0.00309228
0.00292164
-0.000292369
1.41466e-06
0
