Number of keypoints: 16847
0.0432665
-0.0155231
-0.0137606
-1.39276
-0.14528
0.0112342
-0.00168734
0.00615562
-0.00546378
-0.0135302
-0.0789696
-0.0726203
-0.192277
0.0354297
-0.00316961
0.505636
0.00226496
0.0207586
0.832145
0.074138
0.0504838
-4.21809e-06
-0.0320563
-0.0991664
-1.45454
-0.0329003
-0.0209298
0.000788624
-0.0273179
-0.0492699
-0.112795
0.0201865
-0.0979637
-0.17062
0.0458448
0.127014
0.0427939
0.384102
0.00138608
-0.0160758
0.567144
0.0384712
1.87174
-0.56455
0.297886
0.00758452
2.74602e-06
0.123766
-0.0197342
0.000577949
-0.0698449
0.0170354
0.101618
0.0272663
-0.154414
0.0509661
-0.0561564
0.0885468
0.113505
0.258677
-0.819012
-0.000778974
0.13945
0.000648614
-0.0428546
-0.198766
-0.147752
-0.355422
-0.0481671
0.0294766
-0.208565
-0.0245868
-0.0865445
0.0199321
-0.51188
-0.00532604
0.012607
-0.0129167
-0.00689833
-0.0229957
0.0324806
0.233655
0.0205233
0.0212277
0.0992632
0.0491244
0.17211
0.0227656
-1.02582
-0.0723939
-0.00163941
0.65494
0.0208732
-0.00377246
-0.00647272
-0.691158
0.0791725
-0.0140741
-0.424678
-0.580314
-0.067867
-2.45398e-05
-0.00191549
6.55626e-07
