Number of keypoints: 12222
-0.0251138
0.00479584
-0.00359156
-0.0164397
2.04997e-05
0.00636866
0.0145503
0.0066707
0.000277976
-0.133509
0.00433268
0.000144438
-0.156261
0.020948
-0.0210533
3.18537e-05
-0.00270946
0.0082193
0.000169712
-0.0149689
2.07372e-06
-0.294502
0.028191
0
0.000378109
0.000142267
3.03826e-05
0.00434192
-0.00108772
-0.00173752
-3.40523e-07
6.2663e-05
-0.00216801
0.0257049
-0.0746565
-0.306538
0
-0.0283748
-0.971815
0.00332656
1.36733
-1.9288e-06
-0.12669
0.0148306
7.51482e-05
0
-0.000135051
-6.53831e-07
-0.0816781
-0.00907414
0
-0.00194855
-2.33841e-05
-0.00284981
0.0494319
-5.14772e-05
0.0210372
-0.0872135
1.54933
-0.0317786
-0.0485492
0.000240202
0.0169387
0.000138725
0.023975
-0.0291666
8.10498e-05
0.0268893
-0.058914
2.43419e-06
-0.0122831
-0.000827793
-0.0243124
-0.293899
0.370219
0.112182
0.0134898
-0.037134
-0.00868128
-0.000677647
-2.58795e-07
-8.63524e-09
0.000193919
-0.029869
0
0.00272548
-1.94285e-07
0.00914983
-8.60471e-06
0
-0.26509
1.13242e-06
-0.154061
6.03455e-08
-0.143074
0.0205548
-0.379426
0.000113153
0.00248174
0.03127
-0.00200835
0
0.000356206
0
-0.28881
-0.0738604
2.45533e-05
0
0.193654
0
0.000251271
0.0268266
-0.335214
-0.000376748
0
-0.000596748
-0.0130548
0.0321966
-0.00159573
0.00462931
-0.00889791
-4.90445e-06
-0.00878987
-2.09372e-05
-0.00387662
-0.00358258
-1.32749e-06
0.020633
4.55723e-05
0.0932748
0.215913
0.0985312
-0.012886
-0.04798
-0.170785
0.0967007
0.00592672
0.0945325
0.197885
0.0104668
0.0121962
0.00170195
1.00881e-07
-0.35566
-0.0590951
-0.00832705
-0.075933
3.68905e-05
0
-0.000452261
-0.00519826
-0.000807327
-3.17534e-05
-0.000229379
-0.00512188
2.3062e-05
-0.885981
-0.361191
0.019196
-0.221497
-0.0800341
0.0205676
0.0542843
-0.0463207
0.0615739
3.97871e-06
0.0300866
