Number of keypoints: 13977
-1.00625e-06
0
-0.00326714
-0.000861146
1.89652e-05
-8.51509e-07
-0.00914264
-6.78818e-09
-0.000265537
0
0
-3.37486e-06
0.00367103
0.000101258
-0.000419399
8.33426e-05
-1.13329e-06
9.87339e-05
-9.70196e-06
-0.00032117
-5.06637e-08
0
-0.0018049
-0.02923
0
0
2.78011e-05
-3.07273e-08
1.03031e-05
-1.60763e-08
0
0
0
-2.8784e-06
-3.79137e-05
-1.40257e-05
-3.90551e-08
0
-0.0197682
0.000352939
-0.000349144
-2.0838e-07
0.00741034
0.0115892
0.0121631
0
-0.00412735
-2.03519e-05
3.48484e-05
2.94281e-06
0
0
5.4625e-06
0.00491151
4.62597e-07
0.000247511
0
-0.000132119
0
-8.64327e-07
0.00162015
-0.00162178
-0.00742487
0.00491466
-0.000473456
2.2608e-05
5.82914e-09
0
-4.82623e-05
-0.000205503
7.35829e-08
1.61876e-07
4.03941e-06
6.32379e-07
0
0
0.000269602
0.00875718
0
0
0
0.000101799
0
0.0321489
0
-1.33033e-09
0
7.57814e-08
-3.06104e-07
-2.68963e-05
-0.000201447
0
0
0
-1.29958e-05
-6.73774e-05
-0.000386487
-3.74639e-05
