Number of keypoints: 8649
0.0230366
-0.00456754
0.000728239
0.0850618
4.27576e-06
0.0129819
0.00328328
-0.00138664
5.77449e-06
0.00431043
0.00140548
-2.15592e-06
-5.14748e-05
-8.49056e-05
-0.000607537
0.011158
-0.0495541
0
-0.00621471
-3.33736e-05
-0.00291055
-0.000167418
0.00011803
-0.00341876
0
0.0107189
0
-0.000359828
0.00197009
0.000442409
0.277022
0.0187015
-0.00114266
-0.0273103
4.60846e-06
0
0.000472223
0.010199
-4.94527e-07
0.000263026
0.00919993
-0.000533649
-6.82188e-06
-7.02658e-05
0.000181532
0
0
0
-8.06802e-06
-3.86867e-05
-0.00891288
0.00566143
0.00612704
3.83238e-05
0
0.0149466
-2.4041e-05
-6.51095e-05
-0.0224527
-0.151388
0.0257075
-0.138738
-7.44432e-05
-0.32456
-0.0524807
-0.0116639
-0.0095417
0.0133271
0.00376362
-0.00241387
-2.84644e-05
0.002415
-0.00610012
-0.182486
0.00541432
0.107116
0
0.000128635
9.86757e-06
0.0141685
-3.58055e-05
0.00671399
0.0310897
-5.35053e-05
0.022995
0.085307
0.020957
-0.00611583
0.000838664
-9.5404e-05
0.0100253
0.0038342
0.132084
-4.50481e-07
0
0.0675778
-4.60485e-07
-0.00644143
0
0.0150124
-0.00389251
0.00201671
0.0375219
-1.96334e-05
0.0024733
0.00758842
0
5.90976e-05
0
0.0131968
1.28045e-05
0.0115947
-0.0208747
-0.000744381
0.000124161
-1.73327e-07
-1.45101e-05
-2.45989e-05
-0.0053062
-0.140997
0.000198661
-0.0146488
0.00120593
-0.00960386
0.0177918
-0.0315239
-0.0531775
-0.00843618
0.000621017
-0.00688199
0.00429625
0.00014218
-0.000625978
-1.94518e-06
0.00341913
0.0106133
0
0
0.0184986
-2.37628e-06
0.00228055
-0.000199415
0
-0.00823773
0.00660564
0
-0.000508827
-0.00248366
-0.0652897
0.000583445
0
-0.149489
-2.89787e-06
-0.0131917
-0.0315242
0.000538539
0.000636666
3.71132e-05
-0.00198124
0
0.000161115
0.0051605
-0.0440303
-0.0015363
0
5.62709e-06
0
-0.00500508
0.00143239
0.359004
-3.17664e-08
0.0033198
2.22724e-05
0.00616671
-0.000399127
-0.000225306
0
-5.62444e-05
-0.0303183
-0.0141417
-2.07175e-05
-0.000195384
-0.0035758
-8.97478e-06
0
-6.3909e-05
-0.0181283
1.10479e-07
0.0164236
-0.0177409
-0.0545493
0
-0.000336412
0.0278296
0.000220798
-0.00173453
-0.00268658
0.0915743
0.00191191
0
0
0.00523536
-0.00617507
-2.31144e-05
1.88044e-05
-3.0022e-07
