Number of keypoints: 12144
0
0.00229563
0.0323496
0.152301
0.225213
-0.321443
0.00114575
-7.56503e-05
0.122623
-0.032968
0.196519
0.150417
-0.33046
0.200802
0.096449
-0.0718495
0.0391992
0.0112442
-0.0132936
0.0883497
0.0158306
0.00628401
0.0243003
-0.0116298
0.592167
-0.0383787
0.0110732
0.976887
-0.312586
0.565804
-0.036385
-0.0130183
-0.0031689
-0.000836859
0.0291156
2.32017e-05
0.175412
-0.192502
0.0534458
-0.0138848
0.00436409
0.0761445
0.432186
0.359819
0.491514
0.337298
0.0994851
0.0167475
0.0144609
0.00783347
-0.339468
-0.0600706
-0.00972855
-0.31664
0.0468062
-2.56435e-05
0.060389
-0.00266566
-0.186546
0.362655
0.0899852
0.0776337
0.347188
0.000550113
-0.074845
-0.110816
0.00665929
-0.0212105
0.161761
-0.00196178
-0.107482
-0.0202493
0.00117382
-0.0191559
-0.400959
-4.66571e-05
0.0460443
-0.710379
-0.108406
-0.141159
-0.031139
-0.0494128
-0.321988
-0.547577
-0.298233
-0.388428
-0.00824518
1.18107
-0.413907
-0.069072
-0.0326099
-0.32292
-0.411842
-6.66863e-08
-0.0111432
-1.00605
