Number of keypoints: 14509
-0.000237198
-2.48815e-05
-4.80793e-07
1.30429e-06
0
-0.0034943
0.000799312
-0.00162125
-0.00168829
0
0
0.000184818
-0.208017
-0.000837305
-0.000287665
0.00673613
0
-0.0154503
-0.0153855
0.0263426
-0.0144907
0.00840472
-0.108362
0.0191795
0.000198045
0.0439355
-0.00898671
-0.00136181
0.00163545
0.00507153
-0.000338942
0.00654999
-0.00848522
-0.000641911
0
-0.00167001
0
-0.00140856
7.54452e-05
-0.00302456
0
-0.000136261
2.45935e-09
0
0
0
-0.043995
-0.00533963
0
0
3.90404e-07
0.00541521
2.90167e-05
0.00504464
0.0149232
0.000285799
-6.3397e-05
-0.015491
-0.00108534
-0.000990612
0.0202455
-0.00256202
-0.0286526
