Number of keypoints: 10542
4.62192e-05
0.0405786
-0.00144304
0.0224616
8.61254e-05
0.0180595
0
0.00519302
0.00533414
-0.0134533
0
0.00297311
-0.000968866
0.0165505
0
0.000309908
9.27192e-06
0.0724822
-0.016672
0.0622569
0.0639338
-0.0329214
9.16156e-05
-5.25286e-05
0.00463095
0.0446506
0.000573934
-4.34062e-07
0.00304457
0.00824554
0.0316267
0
0.00623449
-3.83583e-05
0
0.0101091
0.0277519
-0.000295686
0
0
0.000255061
5.52032e-05
0.00852244
0
5.30541e-05
3.21757e-06
0.00868226
0.0150611
3.75341e-07
0.013058
0.00994845
0.000203679
-0.105444
0
0
0
0
-0.000302662
0.112615
0
-0.0516795
-0.00556393
0.0485042
0
0
-8.08676e-05
0
-0.00466401
-9.55441e-07
-0.000188159
-1.35611e-06
0.0158332
0.0116291
-0.0173324
0.180177
0
0.00214181
0.0152561
0.0181495
0
0
0
0
1.36717e-08
0
0.0205479
0.0462321
-1.62119e-05
-0.000482826
-0.00668226
0.000428795
-0.00864434
0.01024
0.0215906
0
0
-0.00305389
-0.0110396
-0.138007
0.000834708
0
0.0399929
0.00211957
