Number of keypoints: 18165
0
0
0
-0.000759352
0
0
7.29904e-06
-0.00137609
0.0213487
-0.000196654
0.0156601
-0.0108284
-0.000870964
9.28823e-05
0.000189355
0.00549429
0.000158081
0.000477567
-9.33869e-05
0.0198534
4.4961e-05
-0.000207932
-0.00449123
0.0124347
4.24115e-05
-1.31239e-06
-5.72136e-07
-0.0411375
-9.29152e-07
0
-0.00307815
0.00434539
-0.00388753
0.000446417
0
0
3.2421e-05
2.18193e-07
0
0
-1.28458e-05
0
-0.00055242
-8.37625e-05
-9.5857e-05
-9.07319e-08
-0.000632138
-5.45275e-08
0.0189663
-0.00521958
-0.000415361
-0.00841203
-0.000279522
0.00377892
-0.000112443
-1.78667e-05
0
-0.000459175
-9.83818e-05
0.0296465
0.0126403
0
0.000364305
-3.95297e-05
0.000381144
8.80251e-05
-0.000249403
-0.000200788
9.95134e-05
1.91192e-06
0
0
0.00851079
