Number of keypoints: 11187
3.87637e-05
-2.63372e-06
-0.000220769
0.00054324
-1.0881e-05
-0.000107284
1.63518e-07
0.000895192
-0.00509336
-6.72653e-06
0
-0.186758
0.0139061
3.2061e-05
0
-0.00156939
-0.00789184
0.00112651
0.000767241
-0.0248894
-7.55428e-05
2.53466e-06
0.00215788
0.000167982
0.0126028
0
0.427649
-0.0024959
-0.000287964
-0.0518426
0
0
-0.00134542
-2.08539e-05
0
0
-1.38061e-05
0.000324389
0.0235223
0
1.316e-07
0.010816
0.00597648
1.00205e-05
-0.0164061
0.00171242
0.000249768
0.0102456
0.0120745
-0.0110102
0.198211
-0.010164
0.0133099
-0.00495078
-0.051483
0.00230679
-0.000775984
0.0104768
-0.00813064
-0.0402378
0.000125765
-0.000610549
0.126809
0.138753
-0.00924796
-0.0176497
-0.0192132
0.0117672
0
0.0206988
0.021645
0.0259838
0.00303725
-0.0023634
0.539552
0.000399528
7.48402e-06
-0.000342102
-4.2524e-05
-3.46735e-07
0.0181581
-0.022528
0
0.000133478
0.00182024
0.00735857
0.0127605
0.00990005
0
-0.00591382
-4.55748e-07
-1.85175e-07
0
0
-2.90248e-06
0
-3.93813e-08
-0.00238598
0
0
-0.145278
-0.000152237
-0.0586581
0
0.000542317
0.00150426
-9.4834e-06
0.00551324
-0.00988742
0
0.0527092
-4.7408e-05
0.31049
-0.000176567
0.193803
0.00754235
0.0469609
-1.89086e-05
-1.62619e-05
-0.165595
0.00778249
0.0927868
0.519545
0.000856128
-0.00435803
-0.0112279
-0.0203037
0.0233269
-0.00579059
0.000871964
0.0835312
-0.0343795
-2.80625e-05
-0.207582
-0.0415755
0.0196622
0.00346917
0.00460213
0.0299828
0.239277
-0.00467019
0.00353535
0.00244791
0.000467483
-0.390179
0.00398679
-0.0261798
0.000179716
-0.037375
-0.00422838
-0.0857885
-9.67209e-07
-5.60273e-05
0.00759202
0.00074725
-0.405029
8.96866e-07
0.032586
-1.18996e-05
-8.16246e-05
0
-0.0035352
0.0171941
-8.19164e-05
1.08821e-05
-0.0057401
-0.0259408
-0.000353991
-0.0248942
0.00969443
-6.63396e-09
-0.00357768
-0.00306055
1.80782e-05
-0.0627605
0.0266957
0.0753609
0.000109486
-0.00144427
-0.0119462
-0.00109968
0.0228075
3.5224e-06
0.0307557
-0.114168
-0.00040789
0.00503734
-0.0352579
0.0162339
0.0535803
-0.154807
-0.0002765
1.34163
0.0122453
0.00459197
0.0585031
-0.0168591
0.0253957
-3.74535e-06
0.0133103
0.0367186
-0.00304369
-0.058921
0.0066272
-0.00211031
0.0257362
0.049755
0.000464594
0.0194661
0.0117187
0.043532
0.0217419
-0.000264084
-0.00134272
0.101112
0.00454363
-0.00131487
0.0398928
0.0234658
0.00552324
0.0291457
0.000682297
0.0141533
-0.0618226
0.0104592
0.0147629
0.564871
0.00249449
-0.060961
5.72808e-05
-0.0122677
6.72138e-06
-0.0172716
-0.00309297
-0.00389525
-0.219682
0.000132758
-3.84306e-05
-0.00153488
-0.00868248
-1.36843e-06
-3.80371e-07
-0.0274719
-0.00132356
-0.013977
4.48829e-05
-0.0087702
0.00062206
-1.93699e-05
0.00179677
0.0325652
5.83891e-06
0
-0.0202793
-0.0118138
-2.52208e-06
-0.00064161
0
1.17851e-06
0
8.83981e-08
9.88985e-07
0
1.19506e-07
0.00287439
0
-0.000305348
-2.70436e-05
-7.63171e-06
0.00067587
0.000103588
0.0145709
-0.12162
0.105288
-0.0018587
-0.00512131
-0.0248448
-0.00838407
0.0141479
-0.00121054
-0.0352517
-0.0670867
-0.0705997
0.435251
0.189692
-0.00304363
-0.0055653
-0.197993
0.0308812
-0.0126955
0.00185646
-0.00476182
-0.16993
2.27107e-05
-0.000888464
0.134478
0.000107727
-5.92217e-07
0.0516674
1.94707e-05
0
0.000420729
0
0
4.40667e-05
0.000302531
0.000632807
0.000517517
0.000174114
0
0.000180829
0.00048011
0.00731765
0
0.00359016
-0.0048346
-0.00731979
-0.381564
0.0151445
-0.400502
-0.0472822
-0.0699985
0.0133592
0
-0.000119102
0.000153462
-0.11572
-0.00583905
-0.00393822
0.000221922
-0.0925058
-0.00366908
-0.00433039
0.000833927
-0.00583291
0
0.0207476
-0.0979663
-0.127296
0.0191981
-0.0103282
-0.0117173
5.26526e-05
0.174852
7.75231e-05
-0.00774507
-0.0126482
0.000685065
-0.0330186
-0.00014592
-0.181933
-0.0314165
-0.0165674
0.0220494
-0.0199022
0.0300097
-0.000552214
-0.00113977
-0.224275
-0.143563
0.129974
3.9888e-06
-0.0118165
-0.000213134
0.0128104
-0.00323507
0.175914
-0.000782632
0.0257801
0.00462891
-0.000447763
-5.32398e-05
-0.000126025
0
-0.00389085
0.00110095
0.00416397
4.67231e-05
0.0355003
-0.3048
-5.21358e-05
0.0574276
0.169829
0
-0.0319216
0.0277418
-0.0221491
-0.0141935
0.255983
0.000516739
0.0179984
-0.0065034
0.00774735
-0.0653659
-0.000446408
-0.0331455
0
0.000155635
-0.0161192
-0.355613
0.00792472
0.0158062
0.00100607
0.0045509
0.00424373
0.000246016
-0.000298874
-0.0578764
0.00903795
-0.0962514
0.00999805
1.16441e-06
-0.0645524
-0.00127487
0.0917321
-0.00106434
0.00119298
0.0487967
0.0190922
-0.00755933
0.00493653
-0.000193537
-0.0420192
-0.0280619
0.000424457
0.0270578
0.0635476
-0.269382
0.128464
-0.131298
1.76902e-05
0.000894038
-0.111096
4.55853e-07
0.000780162
-0.00281603
-0.05367
-0.007948
0.0192503
0.0009115
0.0160599
0.0178572
0.0146006
-0.00882394
-0.00905406
3.64001e-05
0.000783308
-0.00541834
0.000121239
0.0459417
-0.0252953
-0.000612318
2.05932e-06
-0.012587
0.00400153
-9.50705e-06
