Number of keypoints: 14751
0
-0.00956522
0.00221989
0.0222478
0.000164425
8.66833e-06
0
9.04219e-06
0
0.000383088
-3.21114e-08
7.63212e-07
0
0
0
0
-2.10237e-06
0
0
0.000327205
-2.19648e-05
0.000523572
0.00405316
0.000637371
7.10676e-05
0.00902135
0.000160761
0.000423463
7.62933e-05
1.91369e-05
0.00665783
0.00564601
3.34177e-05
-2.78309e-08
0.000268813
0.0014995
1.20397e-05
0.000149201
1.35012e-05
0.000373959
0.000146962
0.000774867
0.0024879
0.000366838
0.00807559
0.00104279
9.39438e-05
2.48302e-05
1.4198e-05
0.000294208
0.000678373
0.00581635
0.0032429
0.0024612
0
0.000692979
0
0.000148611
7.04172e-06
0.00165339
0.000297375
8.1817e-05
-0.000169811
0.0123727
0.00245962
0.00106114
0.00169439
0.000677291
0.000673888
0
3.60866e-06
-0.00482561
0.000247909
0
1.50807e-05
0
0.0152444
5.60111e-05
0.000387238
0
0.000647144
0.000288432
-0.000138012
0.00300143
-1.28271e-05
0
-0.0012892
-7.73975e-07
0
-0.000138182
0.00288769
8.1605e-05
0.00857805
-0.000160921
0
0
-6.29626e-05
2.41024e-05
0
-1.15057e-06
-0.00832659
-3.33391e-05
-8.71105e-06
-0.000219019
-5.32109e-08
-0.000465146
-0.000883628
-9.5156e-05
0
-6.4373e-05
-0.000246384
0.00408664
-0.00714216
0
-1.82393e-05
-1.44152e-05
-2.8065e-05
-8.16011e-07
0
-9.48349e-06
-1.92795e-05
0.000752457
-0.00555015
0
-0.00161803
0
0.0087569
-0.00395785
-1.31647e-06
3.14047e-05
-2.15063e-05
-0.00123735
-0.00624745
-6.71472e-06
-9.15098e-05
-1.5037e-07
0
1.23753e-07
-2.96813e-06
-0.000699293
0.00717144
-0.000280549
0
-0.0106086
0.000743974
4.70507e-05
-0.000541051
0.0138882
0
-0.0112703
0
-0.000433229
-0.000187342
4.09836e-05
-9.52478e-05
2.3469e-05
-0.000560797
0
-0.000139578
-2.01206e-05
-0.00240081
-0.00264895
-0.0007556
-0.000202894
-0.000758461
0.000202991
9.65693e-05
-5.32216e-05
-0.000864068
-0.0158828
0
-0.000141242
-0.000533453
4.14894e-05
-0.0115675
-4.46423e-05
-7.18598e-05
0.000264796
-0.00124319
-1.94824e-06
0.00394209
-1.05817e-05
0.00171048
0.00370405
5.9747e-05
-7.8027e-05
0
0
0.0106991
-0.00152426
0.0129132
0
-6.66391e-05
-0.0142324
-0.000590906
-0.00012055
0.0186591
-4.44842e-06
0.0049121
0.0084382
0.000434313
-0.00431692
0.00740596
-0.00775506
-0.000983671
-0.00127664
5.26596e-05
0.00527748
