5933514
22233378
128028258
9951737
11003412
7494424
16462988
7791408
5145126
9733325
4287629
129696372
57521409
9121599
183443908
7069322
44802708
81243810
8654027
4653196
25222710
120728814
13172866
35577973
186119159
11739265
53430376
136807501
16509797
15924251
59022179
15107270
10731388
18407284
7881035
6996323
215870768
66527369
8923748
10745193
8516392
9256765
5794736
9812804
24316820
9850303
11086925
3293043
16302448
10562411
22645925
10379309
12859901
8914660
50968524
13909783
8441802
271399123
25411850
212668532
7351451
7133217
94411032
5454132
8144744
10633574
8727085
8086837
10019743
6953186
9316221
16501841
6445897
103382128
14089045
8454920
16466802
12418375
80508428
7743671
