6598089
23829310
130764383
10908287
11917439
8023830
18202899
8092359
5382578
12290315
4849456
135393423
60506237
9310328
185268987
7872923
47029450
84719831
9052389
5057551
28943518
122418863
14336735
36135178
189579633
13605403
56695434
139437914
18051107
18075650
63310788
19752167
13389694
19738187
8721099
7109950
223830028
66980918
10917774
11535929
9034993
10374849
5975249
10363690
24997479
10388010
11817520
3508007
17499661
14012643
32226490
11590153
13206939
10294561
53236978
14912054
8938938
275582917
26584330
216195081
7909553
7665343
105086251
5658661
9130474
11025251
10558310
8616967
13279909
7428818
11000104
17738710
6811464
104529853
14380025
9709620
17477175
13000473
81617598
8199561
